collect_time,Emergencyunlockingstatus,opendoor,openclosed,dooraction,lockswitchstate,closewtichstate,Voltage,current,Antipinchforce,speed,corner,prepra1,doorcount,opening,closing,opening_command,closing_command,label
4/11/2022 15:01:07.78,0,0,0,1,1,1,13,-1470,44,0,1875,0,11537,0,1,0,1,21
4/11/2022 15:01:07.789,0,0,0,1,1,1,19,-384,12,-99,1872,0,11537,0,1,0,1,21
4/11/2022 15:01:07.8,0,0,0,1,1,1,5,-1652,49,-135,1870,0,11537,0,1,0,1,21
4/11/2022 15:01:07.81,0,0,0,1,1,1,11,-1292,38,-78,1869,0,11537,0,1,0,1,21
4/11/2022 15:01:07.82,0,0,0,1,1,1,19,-1348,40,-52,1867,0,11537,0,1,0,1,21
4/11/2022 15:01:07.831,0,0,0,1,1,1,18,-1803,53,-69,1865,0,11537,0,1,0,1,21
4/11/2022 15:01:07.842,0,0,0,1,1,1,18,-2304,68,-89,1863,0,11537,0,1,0,1,21
4/11/2022 15:01:07.851,0,0,0,1,1,1,21,-1867,55,-93,1860,0,11537,0,1,0,1,21
4/11/2022 15:01:07.862,0,0,0,1,1,1,22,-2193,65,-107,1857,0,11537,0,1,0,1,21
4/11/2022 15:01:07.873,0,0,0,1,1,1,25,-1934,57,-113,1854,0,11537,0,1,0,1,21
4/11/2022 15:01:07.882,0,0,0,1,1,1,23,-2536,75,-130,1851,0,11537,0,1,0,1,21
4/11/2022 15:01:07.894,0,0,0,1,1,1,26,-2378,70,-125,1848,0,11537,0,1,0,1,21
4/11/2022 15:01:07.903,0,0,0,1,1,1,24,-2995,88,-133,1844,0,11537,0,1,0,1,21
4/11/2022 15:01:07.914,0,0,0,1,1,1,31,-2248,66,-141,1840,0,11537,0,1,0,1,21
4/11/2022 15:01:07.923,0,0,0,1,1,1,35,-1676,50,-152,1836,0,11537,0,1,0,1,21
4/11/2022 15:01:07.935,0,0,0,1,1,1,31,-2416,71,-157,1832,0,11537,0,1,0,1,21
4/11/2022 15:01:07.945,0,0,0,1,1,1,34,-1806,53,-185,1827,0,11537,0,1,0,1,21
4/11/2022 15:01:07.955,0,0,0,1,1,1,36,-1181,35,-203,1821,0,11537,0,1,0,1,21
4/11/2022 15:01:07.966,0,0,0,1,1,1,36,-1423,42,-199,1816,0,11537,0,1,0,1,21
4/11/2022 15:01:07.977,0,0,0,1,1,1,38,-1180,35,-204,1811,0,11537,0,1,0,1,21
4/11/2022 15:01:07.988,0,0,0,1,1,1,37,-1102,33,-233,1803,0,11537,0,1,0,1,21
4/11/2022 15:01:07.999,0,0,0,1,1,1,36,-1014,30,-240,1797,0,11537,0,1,0,1,21
4/11/2022 15:01:08.009,0,0,0,1,1,1,37,-957,29,-237,1791,0,11537,0,1,0,1,21
4/11/2022 15:01:08.02,0,0,0,1,1,1,37,-824,25,-243,1783,0,11537,0,1,0,1,21
4/11/2022 15:01:08.03,0,0,0,1,1,1,38,-772,23,-233,1777,0,11537,0,1,0,1,21
4/11/2022 15:01:08.039,0,0,0,1,1,1,36,-724,22,-249,1770,0,11537,0,1,0,1,21
4/11/2022 15:01:08.051,0,0,0,1,1,1,36,-723,22,-255,1764,0,11537,0,1,0,1,21
4/11/2022 15:01:08.061,0,0,0,1,1,1,34,-873,26,-265,1757,0,11537,0,1,0,1,21
4/11/2022 15:01:08.072,0,0,0,1,1,1,37,-678,20,-244,1750,0,11537,0,1,0,1,21
4/11/2022 15:01:08.082,0,0,0,1,1,1,35,-798,24,-256,1743,0,11537,0,1,0,1,21
4/11/2022 15:01:08.091,0,0,0,1,1,1,36,-758,23,-247,1737,0,11537,0,1,0,1,21
4/11/2022 15:01:08.102,0,0,0,1,1,1,34,-989,29,-245,1730,0,11537,0,1,0,1,21
4/11/2022 15:01:08.113,0,0,0,1,1,1,35,-927,28,-241,1724,0,11537,0,1,0,1,21
4/11/2022 15:01:08.123,0,0,0,1,1,1,35,-861,26,-244,1717,0,11537,0,1,0,1,21
4/11/2022 15:01:08.133,0,0,0,1,1,1,36,-771,23,-244,1711,0,11537,0,1,0,1,21
4/11/2022 15:01:08.144,0,0,0,1,1,1,35,-742,22,-241,1703,0,11537,0,1,0,1,21
4/11/2022 15:01:08.154,0,0,0,1,1,1,35,-798,24,-244,1696,0,11537,0,1,0,1,21
4/11/2022 15:01:08.164,0,0,0,1,1,1,35,-772,23,-246,1690,0,11537,0,1,0,1,21
4/11/2022 15:01:08.174,0,0,0,1,1,1,34,-703,21,-258,1683,0,11537,0,1,0,1,21
4/11/2022 15:01:08.186,0,0,0,1,1,1,34,-795,24,-251,1677,0,11537,0,1,0,1,21
4/11/2022 15:01:08.196,0,0,0,1,1,1,34,-849,25,-245,1670,0,11537,0,1,0,1,21
4/11/2022 15:01:08.206,0,0,0,1,1,1,34,-879,26,-240,1663,0,11537,0,1,0,1,21
4/11/2022 15:01:08.217,0,0,0,1,1,1,36,-774,23,-240,1657,0,11537,0,1,0,1,21
4/11/2022 15:01:08.227,0,0,0,1,1,1,35,-746,22,-243,1650,0,11537,0,1,0,1,21
4/11/2022 15:01:08.236,0,0,0,1,1,1,34,-765,23,-250,1644,0,11537,0,1,0,1,21
4/11/2022 15:01:08.247,0,0,0,1,1,1,33,-838,25,-264,1637,0,11537,0,1,0,1,21
4/11/2022 15:01:08.258,0,0,0,1,1,1,35,-906,27,-240,1630,0,11537,0,1,0,1,21
4/11/2022 15:01:08.269,0,0,0,1,1,1,34,-718,22,-255,1623,0,11537,0,1,0,1,21
4/11/2022 15:01:08.28,0,0,0,1,1,1,34,-813,24,-250,1617,0,11537,0,1,0,1,21
4/11/2022 15:01:08.29,0,0,0,1,1,1,34,-859,26,-240,1610,0,11537,0,1,0,1,21
4/11/2022 15:01:08.3,0,0,0,1,1,1,35,-776,23,-240,1603,0,11537,0,1,0,1,21
4/11/2022 15:01:08.31,0,0,0,1,1,1,35,-755,23,-239,1597,0,11537,0,1,0,1,21
4/11/2022 15:01:08.321,0,0,0,1,1,1,33,-1090,32,-240,1589,0,11537,0,1,0,1,21
4/11/2022 15:01:08.331,0,0,0,1,1,1,35,-829,25,-237,1583,0,11537,0,1,0,1,21
4/11/2022 15:01:08.34,0,0,0,1,1,1,35,-718,22,-246,1578,0,11537,0,1,0,1,21
4/11/2022 15:01:08.351,0,0,0,1,1,1,36,-616,19,-239,1570,0,11537,0,1,0,1,21
4/11/2022 15:01:08.361,0,0,0,1,1,1,34,-796,24,-253,1563,0,11537,0,1,0,1,21
4/11/2022 15:01:08.372,0,0,0,1,1,1,34,-730,22,-253,1557,0,11537,0,1,0,1,21
4/11/2022 15:01:08.383,0,0,0,1,1,1,34,-838,25,-247,1551,0,11537,0,1,0,1,21
4/11/2022 15:01:08.393,0,0,0,1,1,1,34,-841,25,-237,1544,0,11537,0,1,0,1,21
4/11/2022 15:01:08.403,0,0,0,1,1,1,34,-905,27,-240,1538,0,11537,0,1,0,1,21
4/11/2022 15:01:08.413,0,0,0,1,1,1,35,-800,24,-234,1531,0,11537,0,1,0,1,21
4/11/2022 15:01:08.424,0,0,0,1,1,1,32,-848,25,-252,1523,0,11537,0,1,0,1,21
4/11/2022 15:01:08.434,0,0,0,1,1,1,35,-703,21,-235,1517,0,11537,0,1,0,1,21
4/11/2022 15:01:08.444,0,0,0,1,1,1,35,-749,22,-235,1510,0,11537,0,1,0,1,21
4/11/2022 15:01:08.455,0,0,0,1,1,1,35,-526,16,-253,1504,0,11537,0,1,0,1,21
4/11/2022 15:01:08.465,0,0,0,1,1,1,34,-652,20,-253,1498,0,11537,0,1,0,1,21
4/11/2022 15:01:08.476,0,0,0,1,1,1,35,-754,23,-236,1491,0,11537,0,1,0,1,21
4/11/2022 15:01:08.486,0,0,0,1,1,1,34,-681,20,-245,1485,0,11537,0,1,0,1,21
4/11/2022 15:01:08.496,0,0,0,1,1,1,35,-919,27,-231,1478,0,11537,0,1,0,1,21
4/11/2022 15:01:08.508,0,0,0,1,1,1,34,-700,21,-246,1471,0,11537,0,1,0,1,21
4/11/2022 15:01:08.517,0,0,0,1,1,1,34,-804,24,-241,1466,0,11537,0,1,0,1,21
4/11/2022 15:01:08.529,0,0,0,1,1,1,32,-769,23,-259,1458,0,11537,0,1,0,1,21
4/11/2022 15:01:08.539,0,0,0,1,1,1,34,-849,25,-231,1451,0,11537,0,1,0,1,21
4/11/2022 15:01:08.549,0,0,0,1,1,1,34,-840,25,-236,1444,0,11537,0,1,0,1,21
4/11/2022 15:01:08.559,0,0,0,1,1,1,34,-693,21,-240,1438,0,11537,0,1,0,1,21
4/11/2022 15:01:08.569,0,0,0,1,1,1,34,-797,24,-235,1431,0,11537,0,1,0,1,21
4/11/2022 15:01:08.579,0,0,0,1,1,1,34,-618,19,-246,1425,0,11537,0,1,0,1,21
4/11/2022 15:01:08.591,0,0,0,1,1,1,34,-808,24,-240,1417,0,11537,0,1,0,1,21
4/11/2022 15:01:08.601,0,0,0,1,1,1,35,-597,18,-241,1411,0,11537,0,1,0,1,21
4/11/2022 15:01:08.612,0,0,0,1,1,1,34,-724,22,-235,1404,0,11537,0,1,0,1,21
4/11/2022 15:01:08.622,0,0,0,1,1,1,35,-696,21,-237,1398,0,11537,0,1,0,1,21
4/11/2022 15:01:08.632,0,0,0,1,1,1,34,-818,24,-234,1392,0,11537,0,1,0,1,21
4/11/2022 15:01:08.642,0,0,0,1,1,1,33,-872,26,-246,1386,0,11537,0,1,0,1,21
4/11/2022 15:01:08.654,0,0,0,1,1,1,33,-953,28,-236,1379,0,11537,0,1,0,1,21
4/11/2022 15:01:08.662,0,0,0,1,1,1,34,-824,25,-235,1373,0,11537,0,1,0,1,21
4/11/2022 15:01:08.673,0,0,0,1,1,1,34,-814,24,-232,1366,0,11537,0,1,0,1,21
4/11/2022 15:01:08.683,0,0,0,1,1,1,35,-723,22,-232,1361,0,11537,0,1,0,1,21
4/11/2022 15:01:08.694,0,0,0,1,1,1,32,-1055,31,-242,1352,0,11537,0,1,0,1,21
4/11/2022 15:01:08.704,0,0,0,1,1,1,33,-878,26,-239,1346,0,11537,0,1,0,1,21
4/11/2022 15:01:08.714,0,0,0,1,1,1,34,-905,27,-229,1340,0,11537,0,1,0,1,21
4/11/2022 15:01:08.725,0,0,0,1,1,1,34,-626,19,-242,1333,0,11537,0,1,0,1,21
4/11/2022 15:01:08.735,0,0,0,1,1,1,36,-704,21,-229,1327,0,11537,0,1,0,1,21
4/11/2022 15:01:08.746,0,0,0,1,1,1,34,-621,19,-243,1320,0,11537,0,1,0,1,21
4/11/2022 15:01:08.756,0,0,0,1,1,1,34,-670,20,-242,1314,0,11537,0,1,0,1,21
4/11/2022 15:01:08.767,0,0,0,1,1,1,33,-759,23,-252,1308,0,11537,0,1,0,1,21
4/11/2022 15:01:08.776,0,0,0,1,1,1,34,-866,26,-228,1301,0,11537,0,1,0,1,21
4/11/2022 15:01:08.788,0,0,0,1,1,1,33,-823,25,-249,1293,0,11537,0,1,0,1,21
4/11/2022 15:01:08.798,0,0,0,1,1,1,33,-743,22,-247,1287,0,11537,0,1,0,1,21
4/11/2022 15:01:08.808,0,0,0,1,1,1,34,-677,20,-245,1281,0,11537,0,1,0,1,21
4/11/2022 15:01:08.818,0,0,0,1,1,1,33,-888,27,-238,1275,0,11537,0,1,0,1,21
4/11/2022 15:01:08.829,0,0,0,1,1,1,35,-885,26,-228,1268,0,11537,0,1,0,1,21
4/11/2022 15:01:08.839,0,0,0,1,1,1,33,-1000,30,-233,1262,0,11537,0,1,0,1,21
4/11/2022 15:01:08.849,0,0,0,1,1,1,33,-966,29,-236,1256,0,11537,0,1,0,1,21
4/11/2022 15:01:08.86,0,0,0,1,1,1,35,-839,25,-225,1249,0,11537,0,1,0,1,21
4/11/2022 15:01:08.869,0,0,0,1,1,1,34,-746,22,-239,1243,0,11537,0,1,0,1,21
4/11/2022 15:01:08.88,0,0,0,1,1,1,35,-800,24,-230,1236,0,11537,0,1,0,1,21
4/11/2022 15:01:08.891,0,0,0,1,1,1,34,-963,29,-219,1229,0,11537,0,1,0,1,21
4/11/2022 15:01:08.901,0,0,0,1,1,1,34,-940,28,-232,1223,0,11537,0,1,0,1,21
4/11/2022 15:01:08.91,0,0,0,1,1,1,34,-698,21,-249,1218,0,11537,0,1,0,1,21
4/11/2022 15:01:08.921,0,0,0,1,1,1,35,-632,19,-232,1210,0,11537,0,1,0,1,21
4/11/2022 15:01:08.932,0,0,0,1,1,1,34,-794,24,-243,1203,0,11537,0,1,0,1,21
4/11/2022 15:01:08.942,0,0,0,1,1,1,33,-675,20,-252,1197,0,11537,0,1,0,1,21
4/11/2022 15:01:08.952,0,0,0,1,1,1,34,-727,22,-238,1191,0,11537,0,1,0,1,21
4/11/2022 15:01:08.963,0,0,0,1,1,1,33,-793,24,-249,1185,0,11537,0,1,0,1,21
4/11/2022 15:01:08.973,0,0,0,1,1,1,34,-909,27,-229,1179,0,11537,0,1,0,1,21
4/11/2022 15:01:08.984,0,0,0,1,1,1,34,-770,23,-240,1170,0,11537,0,1,0,1,21
4/11/2022 15:01:08.995,0,0,0,1,1,1,34,-665,20,-246,1164,0,11537,0,1,0,1,21
4/11/2022 15:01:09.004,0,0,0,1,1,1,33,-677,20,-261,1158,0,11537,0,1,0,1,21
4/11/2022 15:01:09.015,0,0,0,1,1,1,34,-998,30,-225,1152,0,11537,0,1,0,1,21
4/11/2022 15:01:09.024,0,0,0,1,1,1,32,-1079,32,-241,1145,0,11537,0,1,0,1,21
4/11/2022 15:01:09.036,0,0,0,1,1,1,33,-1037,31,-232,1139,0,11537,0,1,0,1,21
4/11/2022 15:01:09.046,0,0,0,1,1,1,33,-877,26,-239,1133,0,11537,0,1,0,1,21
4/11/2022 15:01:09.057,0,0,0,1,1,1,34,-837,25,-235,1126,0,11537,0,1,0,1,21
4/11/2022 15:01:09.066,0,0,0,1,1,1,35,-715,21,-229,1120,0,11537,0,1,0,1,21
4/11/2022 15:01:09.077,0,0,0,1,1,1,34,-809,24,-241,1113,0,11537,0,1,0,1,21
4/11/2022 15:01:09.087,0,0,0,1,1,1,33,-935,28,-239,1106,0,11537,0,1,0,1,21
4/11/2022 15:01:09.098,0,0,0,1,1,1,35,-854,26,-227,1100,0,11537,0,1,0,1,21
4/11/2022 15:01:09.108,0,0,0,1,1,1,34,-761,23,-236,1093,0,11537,0,1,0,1,21
4/11/2022 15:01:09.118,0,0,0,1,1,1,36,-680,20,-229,1087,0,11537,0,1,0,1,21
4/11/2022 15:01:09.129,0,0,0,1,1,1,34,-724,22,-239,1080,0,11537,0,1,0,1,21
4/11/2022 15:01:09.139,0,0,0,1,1,1,35,-587,18,-242,1074,0,11537,0,1,0,1,21
4/11/2022 15:01:09.15,0,0,0,1,1,1,33,-761,23,-250,1068,0,11537,0,1,0,1,21
4/11/2022 15:01:09.159,0,0,0,1,1,1,34,-837,25,-229,1061,0,11537,0,1,0,1,21
4/11/2022 15:01:09.17,0,0,0,1,1,1,34,-903,27,-235,1055,0,11537,0,1,0,1,21
4/11/2022 15:01:09.18,0,0,0,1,1,1,34,-867,26,-232,1048,0,11537,0,1,0,1,21
4/11/2022 15:01:09.19,0,0,0,1,1,1,34,-740,22,-234,1042,0,11537,0,1,0,1,21
4/11/2022 15:01:09.2,0,0,0,1,1,1,33,-757,23,-244,1036,0,11537,0,1,0,1,21
4/11/2022 15:01:09.211,0,0,0,1,1,1,34,-969,29,-233,1028,0,11537,0,1,0,1,21
4/11/2022 15:01:09.221,0,0,0,1,1,1,34,-834,25,-227,1022,0,11537,0,1,0,1,21
4/11/2022 15:01:09.232,0,0,0,1,1,1,34,-737,22,-237,1015,0,11537,0,1,0,1,21
4/11/2022 15:01:09.243,0,0,0,1,1,1,34,-801,24,-227,1009,0,11537,0,1,0,1,21
4/11/2022 15:01:09.253,0,0,0,1,1,1,34,-761,23,-240,1003,0,11537,0,1,0,1,21
4/11/2022 15:01:09.263,0,0,0,1,1,1,35,-713,21,-233,996,0,11537,0,1,0,1,21
4/11/2022 15:01:09.273,0,0,0,1,1,1,34,-722,22,-244,990,0,11537,0,1,0,1,21
4/11/2022 15:01:09.284,0,0,0,1,1,1,33,-768,23,-248,983,0,11537,0,1,0,1,21
4/11/2022 15:01:09.294,0,0,0,1,1,1,32,-846,25,-244,977,0,11537,0,1,0,1,21
4/11/2022 15:01:09.305,0,0,0,1,1,1,33,-1019,30,-231,969,0,11537,0,1,0,1,21
4/11/2022 15:01:09.315,0,0,0,1,1,1,34,-657,20,-251,963,0,11537,0,1,0,1,21
4/11/2022 15:01:09.325,0,0,0,1,1,1,33,-889,27,-239,957,0,11537,0,1,0,1,21
4/11/2022 15:01:09.336,0,0,0,1,1,1,33,-856,26,-238,950,0,11537,0,1,0,1,21
4/11/2022 15:01:09.346,0,0,0,1,1,1,34,-878,26,-233,944,0,11537,0,1,0,1,21
4/11/2022 15:01:09.357,0,0,0,1,1,1,34,-943,28,-233,938,0,11537,0,1,0,1,21
4/11/2022 15:01:09.367,0,0,0,1,1,1,34,-650,20,-241,930,0,11537,0,1,0,1,21
4/11/2022 15:01:09.379,0,0,0,1,1,1,34,-676,20,-244,924,0,11537,0,1,0,1,21
4/11/2022 15:01:09.388,0,0,0,1,1,1,33,-806,24,-250,918,0,11537,0,1,0,1,21
4/11/2022 15:01:09.4,0,0,0,1,1,1,35,-589,18,-233,910,0,11537,0,1,0,1,21
4/11/2022 15:01:09.41,0,0,0,1,1,1,33,-880,26,-249,903,0,11537,0,1,0,1,21
4/11/2022 15:01:09.42,0,0,0,1,1,1,32,-821,25,-255,898,0,11537,0,1,0,1,21
4/11/2022 15:01:09.431,0,0,0,1,1,1,34,-742,22,-234,891,0,11537,0,1,0,1,21
4/11/2022 15:01:09.441,0,0,0,1,1,1,34,-755,23,-238,885,0,11537,0,1,0,1,21
4/11/2022 15:01:09.451,0,0,0,1,1,1,34,-936,28,-227,879,0,11537,0,1,0,1,21
4/11/2022 15:01:09.461,0,0,0,1,1,1,33,-903,27,-246,872,0,11537,0,1,0,1,21
4/11/2022 15:01:09.473,0,0,0,1,1,1,35,-711,21,-231,865,0,11537,0,1,0,1,21
4/11/2022 15:01:09.483,0,0,0,1,1,1,34,-736,22,-240,858,0,11537,0,1,0,1,21
4/11/2022 15:01:09.493,0,0,0,1,1,1,35,-750,22,-229,852,0,11537,0,1,0,1,21
4/11/2022 15:01:09.503,0,0,0,1,1,1,34,-824,25,-245,846,0,11537,0,1,0,1,21
4/11/2022 15:01:09.513,0,0,0,1,1,1,32,-1119,33,-241,840,0,11537,0,1,0,1,21
4/11/2022 15:01:09.523,0,0,0,1,1,1,33,-793,24,-238,833,0,11537,0,1,0,1,21
4/11/2022 15:01:09.534,0,0,0,1,1,1,35,-735,22,-227,827,0,11537,0,1,0,1,21
4/11/2022 15:01:09.545,0,0,0,1,1,1,34,-929,28,-227,820,0,11537,0,1,0,1,21
4/11/2022 15:01:09.556,0,0,0,1,1,1,33,-807,24,-249,813,0,11537,0,1,0,1,21
4/11/2022 15:01:09.566,0,0,0,1,1,1,33,-993,30,-238,807,0,11537,0,1,0,1,21
4/11/2022 15:01:09.576,0,0,0,1,1,1,33,-1005,30,-232,800,0,11537,0,1,0,1,21
4/11/2022 15:01:09.588,0,0,0,1,1,1,35,-706,21,-237,793,0,11537,0,1,0,1,21
4/11/2022 15:01:09.598,0,0,0,1,1,1,35,-897,27,-230,786,0,11537,0,1,0,1,21
4/11/2022 15:01:09.609,0,0,0,1,1,1,35,-662,20,-243,780,0,11537,0,1,0,1,21
4/11/2022 15:01:09.62,0,0,0,1,1,1,33,-775,23,-248,774,0,11537,0,1,0,1,21
4/11/2022 15:01:09.629,0,0,0,1,1,1,32,-816,24,-257,767,0,11537,0,1,0,1,21
4/11/2022 15:01:09.64,0,0,0,1,1,1,34,-911,27,-225,761,0,11537,0,1,0,1,21
4/11/2022 15:01:09.65,0,0,0,1,1,1,34,-942,28,-231,755,0,11537,0,1,0,1,21
4/11/2022 15:01:09.659,0,0,0,1,1,1,34,-789,24,-234,748,0,11537,0,1,0,1,21
4/11/2022 15:01:09.67,0,0,0,1,1,1,35,-800,24,-230,742,0,11537,0,1,0,1,21
4/11/2022 15:01:09.681,0,0,0,1,1,1,33,-1029,31,-232,734,0,11537,0,1,0,1,21
4/11/2022 15:01:09.691,0,0,0,1,1,1,35,-845,25,-231,729,0,11537,0,1,0,1,21
4/11/2022 15:01:09.702,0,0,0,1,1,1,34,-954,28,-227,721,0,11537,0,1,0,1,21
4/11/2022 15:01:09.711,0,0,0,1,1,1,34,-838,25,-237,715,0,11537,0,1,0,1,21
4/11/2022 15:01:09.722,0,0,0,1,1,1,35,-845,25,-227,709,0,11537,0,1,0,1,21
4/11/2022 15:01:09.733,0,0,0,1,1,1,34,-761,23,-237,703,0,11537,0,1,0,1,21
4/11/2022 15:01:09.742,0,0,0,1,1,1,35,-834,25,-229,697,0,11537,0,1,0,1,21
4/11/2022 15:01:09.753,0,0,0,1,1,1,32,-1145,34,-233,689,0,11537,0,1,0,1,21
4/11/2022 15:01:09.764,0,0,0,1,1,1,34,-711,21,-236,683,0,11537,0,1,0,1,21
4/11/2022 15:01:09.773,0,0,0,1,1,1,34,-876,26,-232,676,0,11537,0,1,0,1,21
4/11/2022 15:01:09.784,0,0,0,1,1,1,35,-636,19,-233,670,0,11537,0,1,0,1,21
4/11/2022 15:01:09.795,0,0,0,1,1,1,34,-769,23,-244,664,0,11537,0,1,0,1,21
4/11/2022 15:01:09.806,0,0,0,1,1,1,33,-1038,31,-238,656,0,11537,0,1,0,1,21
4/11/2022 15:01:09.817,0,0,0,1,1,1,33,-843,25,-238,650,0,11537,0,1,0,1,21
4/11/2022 15:01:09.827,0,0,0,1,1,1,33,-916,27,-234,644,0,11537,0,1,0,1,21
4/11/2022 15:01:09.837,0,0,0,1,1,1,34,-897,27,-235,637,0,11537,0,1,0,1,21
4/11/2022 15:01:09.847,0,0,0,1,1,1,35,-746,22,-233,632,0,11537,0,1,0,1,21
4/11/2022 15:01:09.858,0,0,0,1,1,1,34,-710,21,-238,624,0,11537,0,1,0,1,21
4/11/2022 15:01:09.867,0,0,0,1,1,1,34,-680,20,-238,618,0,11537,0,1,0,1,21
4/11/2022 15:01:09.878,0,0,0,1,1,1,34,-820,25,-231,612,0,11537,0,1,0,1,21
4/11/2022 15:01:09.889,0,0,0,1,1,1,35,-736,22,-235,604,0,11537,0,1,0,1,21
4/11/2022 15:01:09.899,0,0,0,1,1,1,34,-514,16,-257,598,0,11537,0,1,0,1,21
4/11/2022 15:01:09.909,0,0,0,1,1,1,34,-855,26,-236,591,0,11537,0,1,0,1,21
4/11/2022 15:01:09.921,0,0,0,1,1,1,34,-665,20,-243,585,0,11537,0,1,0,1,21
4/11/2022 15:01:09.931,0,0,0,1,1,1,35,-892,27,-229,579,0,11537,0,1,0,1,21
4/11/2022 15:01:09.941,0,0,0,1,1,1,33,-889,27,-244,572,0,11537,0,1,0,1,21
4/11/2022 15:01:09.951,0,0,0,1,1,1,33,-861,26,-241,566,0,11537,0,1,0,1,21
4/11/2022 15:01:09.961,0,0,0,1,1,1,34,-913,27,-232,560,0,11537,0,1,0,1,21
4/11/2022 15:01:09.972,0,0,0,1,1,1,34,-774,23,-234,553,0,11537,0,1,0,1,21
4/11/2022 15:01:09.982,0,0,0,1,1,1,35,-848,25,-229,547,0,11537,0,1,0,1,21
4/11/2022 15:01:09.992,0,0,0,1,1,1,35,-630,19,-242,540,0,11537,0,1,0,1,21
4/11/2022 15:01:10.001,0,0,0,1,1,1,33,-701,21,-247,534,0,11537,0,1,0,1,21
4/11/2022 15:01:10.013,0,0,0,1,1,1,34,-731,22,-237,526,0,11537,0,1,0,1,21
4/11/2022 15:01:10.023,0,0,0,1,1,1,35,-718,22,-229,520,0,11537,0,1,0,1,21
4/11/2022 15:01:10.033,0,0,0,1,1,1,35,-585,18,-246,514,0,11537,0,1,0,1,21
4/11/2022 15:01:10.044,0,0,0,1,1,1,34,-668,20,-247,508,0,11537,0,1,0,1,21
4/11/2022 15:01:10.054,0,0,0,1,1,1,34,-807,24,-234,501,0,11537,0,1,0,1,21
4/11/2022 15:01:10.065,0,0,0,1,1,1,34,-886,26,-232,494,0,11537,0,1,0,1,21
4/11/2022 15:01:10.076,0,0,0,1,1,1,34,-847,25,-238,488,0,11537,0,1,0,1,21
4/11/2022 15:01:10.084,0,0,0,1,1,1,34,-785,24,-247,483,0,11537,0,1,0,1,21
4/11/2022 15:01:10.095,0,0,0,1,1,1,35,-587,18,-235,475,0,11537,0,1,0,1,21
4/11/2022 15:01:10.106,0,0,0,1,1,1,35,-872,26,-226,469,0,11537,0,1,0,1,21
4/11/2022 15:01:10.117,0,0,0,1,1,1,34,-729,22,-237,462,0,11537,0,1,0,1,21
4/11/2022 15:01:10.126,0,0,0,1,1,1,35,-770,23,-236,456,0,11537,0,1,0,1,21
4/11/2022 15:01:10.137,0,0,0,1,1,1,34,-824,25,-239,450,0,11537,0,1,0,1,21
4/11/2022 15:01:10.148,0,0,0,1,1,1,35,-736,22,-229,442,0,11537,0,1,0,1,21
4/11/2022 15:01:10.159,0,0,0,1,1,1,34,-674,20,-248,436,0,11537,0,1,0,1,21
4/11/2022 15:01:10.168,0,0,0,1,1,1,34,-901,27,-226,430,0,11537,0,1,0,1,21
4/11/2022 15:01:10.179,0,0,0,1,1,1,34,-791,24,-246,423,0,11537,0,1,0,1,21
4/11/2022 15:01:10.189,0,0,0,1,1,1,36,-935,28,-238,417,0,11537,0,1,0,1,21
4/11/2022 15:01:10.199,0,0,0,1,1,1,33,-1022,30,-235,410,0,11537,0,1,0,1,21
4/11/2022 15:01:10.209,0,0,0,1,1,1,34,-852,25,-232,404,0,11537,0,1,0,1,21
4/11/2022 15:01:10.219,0,0,0,1,1,1,34,-998,30,-234,398,0,11537,0,1,0,1,21
4/11/2022 15:01:10.231,0,0,0,1,1,1,35,-910,27,-226,391,0,11537,0,1,0,1,21
4/11/2022 15:01:10.241,0,0,0,1,1,1,35,-785,24,-233,385,0,11537,0,1,0,1,21
4/11/2022 15:01:10.251,0,0,0,1,1,1,35,-925,28,-222,379,0,11537,0,1,0,1,21
4/11/2022 15:01:10.262,0,0,0,1,1,1,34,-1160,34,-224,372,0,11537,0,1,0,1,21
4/11/2022 15:01:10.272,0,0,0,1,1,1,33,-1157,34,-234,365,0,11537,0,1,0,1,21
4/11/2022 15:01:10.282,0,0,0,1,1,1,33,-1192,35,-225,359,0,11537,0,1,0,1,21
4/11/2022 15:01:10.292,0,0,0,1,1,1,34,-882,26,-236,353,0,11537,0,1,0,1,21
4/11/2022 15:01:10.303,0,0,0,1,1,1,33,-910,27,-242,347,0,11537,0,1,0,1,21
4/11/2022 15:01:10.314,0,0,0,1,1,1,34,-1022,30,-225,341,0,11537,0,1,0,1,21
4/11/2022 15:01:10.323,0,0,0,1,1,1,36,-754,23,-233,334,0,11537,0,1,0,1,21
4/11/2022 15:01:10.333,0,0,0,1,1,1,34,-744,22,-245,328,0,11537,0,1,0,1,21
4/11/2022 15:01:10.344,0,0,0,1,1,1,35,-737,22,-236,321,0,11537,0,1,0,1,21
4/11/2022 15:01:10.354,0,0,0,1,1,1,34,-743,22,-242,316,0,11537,0,1,0,1,21
4/11/2022 15:01:10.365,0,0,0,1,1,1,35,-820,25,-234,307,0,11537,0,1,0,1,21
4/11/2022 15:01:10.375,0,0,0,1,1,1,35,-635,19,-242,301,0,11537,0,1,0,1,21
4/11/2022 15:01:10.385,0,0,0,1,1,1,35,-685,21,-240,294,0,11537,0,1,0,1,21
4/11/2022 15:01:10.396,0,0,0,1,1,1,33,-615,19,-262,288,0,11537,0,1,0,1,21
4/11/2022 15:01:10.405,0,0,0,1,1,1,35,-741,22,-229,282,0,11537,0,1,0,1,21
4/11/2022 15:01:10.416,0,0,0,1,1,1,34,-875,26,-238,276,0,11537,0,1,0,1,21
4/11/2022 15:01:10.426,0,0,0,1,1,1,34,-824,25,-242,270,0,11537,0,1,0,1,21
4/11/2022 15:01:10.437,0,0,0,1,1,1,35,-663,20,-232,262,0,11537,0,1,0,1,21
4/11/2022 15:01:10.448,0,0,0,1,1,1,34,-730,22,-246,256,0,11537,0,1,0,1,21
4/11/2022 15:01:10.458,0,0,0,1,1,1,35,-795,24,-234,249,0,11537,0,1,0,1,21
4/11/2022 15:01:10.468,0,0,0,1,1,1,33,-801,24,-250,243,0,11537,0,1,0,1,21
4/11/2022 15:01:10.478,0,0,0,1,1,1,34,-821,25,-241,236,0,11537,0,1,0,1,21
4/11/2022 15:01:10.488,0,0,0,1,1,1,34,-827,25,-238,230,0,11537,0,1,0,1,21
4/11/2022 15:01:10.499,0,0,0,1,1,1,34,-758,23,-240,223,0,11537,0,1,0,1,21
4/11/2022 15:01:10.51,0,0,0,1,1,1,33,-922,28,-250,216,0,11537,0,1,0,1,21
4/11/2022 15:01:10.52,0,0,0,1,1,1,32,-1221,36,-237,210,0,11537,0,1,0,1,21
4/11/2022 15:01:10.53,0,0,0,1,1,1,33,-932,28,-231,203,0,11537,0,1,0,1,21
4/11/2022 15:01:10.54,0,0,0,1,1,1,34,-934,28,-223,197,0,11537,0,1,0,1,21
4/11/2022 15:01:10.552,0,0,0,1,1,1,35,-1175,35,-214,191,0,11537,0,1,0,1,21
4/11/2022 15:01:10.561,0,0,0,1,1,1,34,-1204,36,-220,185,0,11537,0,1,0,1,21
4/11/2022 15:01:10.572,0,0,0,1,1,1,34,-1400,42,-218,179,0,11537,0,1,0,1,21
4/11/2022 15:01:10.582,0,0,0,1,1,1,34,-1193,35,-229,173,0,11537,0,1,0,1,21
4/11/2022 15:01:10.592,0,0,0,1,1,1,34,-1140,34,-239,167,0,11537,0,1,0,1,21
4/11/2022 15:01:10.603,0,0,0,1,1,1,37,-879,26,-220,160,0,11537,0,1,0,1,21
4/11/2022 15:01:10.613,0,0,0,1,1,1,36,-815,24,-233,154,0,11537,0,1,0,1,21
4/11/2022 15:01:10.623,0,0,0,1,1,1,36,-763,23,-238,148,0,11537,0,1,0,1,21
4/11/2022 15:01:10.634,0,0,0,1,1,1,37,-884,26,-219,142,0,11537,0,1,0,1,21
4/11/2022 15:01:10.643,0,0,0,1,1,1,35,-1079,32,-223,136,0,11537,0,1,0,1,21
4/11/2022 15:01:10.654,0,0,0,1,1,1,36,-1036,31,-214,130,0,11537,0,1,0,1,21
4/11/2022 15:01:10.665,0,0,0,1,1,1,36,-960,29,-216,124,0,11537,0,1,0,1,21
4/11/2022 15:01:10.675,0,0,0,1,1,1,33,-1312,39,-208,118,0,11537,0,1,0,1,21
4/11/2022 15:01:10.685,0,0,0,1,1,1,35,-887,27,-202,112,0,11537,0,1,0,1,21
4/11/2022 15:01:10.696,0,0,0,1,1,1,32,-1488,44,-194,107,0,11537,0,1,0,1,21
4/11/2022 15:01:10.709,0,0,0,1,1,1,33,-1394,41,-188,101,0,11537,0,1,0,1,21
4/11/2022 15:01:10.721,0,0,0,1,1,1,31,-1451,43,-199,93,0,11537,0,1,0,1,21
4/11/2022 15:01:10.731,0,0,0,1,1,1,33,-1449,43,-167,89,0,11537,0,1,0,1,21
4/11/2022 15:01:10.741,0,0,0,1,1,1,32,-1378,41,-177,84,0,11537,0,1,0,1,21
4/11/2022 15:01:10.751,0,0,0,1,1,1,29,-1995,59,-161,80,0,11537,0,1,0,1,21
4/11/2022 15:01:10.761,0,0,0,1,1,1,31,-1608,48,-157,76,0,11537,0,1,0,1,21
4/11/2022 15:01:10.772,0,0,0,1,1,1,32,-1656,49,-150,71,0,11537,0,1,0,1,21
4/11/2022 15:01:10.783,0,0,0,1,1,1,30,-2159,64,-146,67,0,11537,0,1,0,1,21
4/11/2022 15:01:10.793,0,0,0,1,1,1,28,-2184,64,-166,63,0,11537,0,1,0,1,21
4/11/2022 15:01:10.803,0,0,0,1,1,1,30,-2018,60,-143,59,0,11537,0,1,0,1,21
4/11/2022 15:01:10.813,0,0,0,1,1,1,30,-1828,54,-153,55,0,11537,0,1,0,1,21
4/11/2022 15:01:10.824,0,0,0,1,1,1,29,-2281,67,-147,50,0,11537,0,1,0,1,21
4/11/2022 15:01:10.835,0,0,0,1,1,1,34,-1439,43,-139,46,0,11537,0,1,0,1,21
4/11/2022 15:01:10.844,0,0,0,1,1,1,24,-3118,92,-136,42,0,11537,0,1,0,1,21
4/11/2022 15:01:10.855,0,0,0,1,1,1,30,-2545,75,-131,39,0,11537,0,1,0,1,21
4/11/2022 15:01:10.865,0,0,0,1,1,1,25,-3224,95,-126,35,0,11537,0,1,0,1,21
4/11/2022 15:01:10.876,0,0,0,1,1,1,25,-3139,92,-127,32,0,11537,0,1,0,1,21
4/11/2022 15:01:10.886,0,0,0,1,1,1,31,-2504,74,-119,29,0,11537,0,1,0,1,21
4/11/2022 15:01:10.897,0,0,0,1,1,1,30,-2550,75,-114,25,0,11537,0,1,0,1,21
4/11/2022 15:01:10.908,0,0,0,1,1,1,30,-2783,82,-110,22,0,11537,0,1,0,1,21
4/11/2022 15:01:10.919,0,0,0,1,1,1,25,-3353,99,-101,18,0,11537,0,1,0,1,21
4/11/2022 15:01:10.929,0,0,0,1,1,1,26,-3715,109,-99,16,0,11537,0,1,0,1,21
4/11/2022 15:01:10.939,0,0,0,1,1,1,29,-2887,85,-101,13,0,11537,0,1,0,1,21
4/11/2022 15:01:10.949,0,0,0,1,1,1,25,-3513,103,-99,10,0,11537,0,1,0,1,21
4/11/2022 15:01:10.959,0,0,0,1,1,1,26,-3581,105,-95,8,0,11537,0,1,0,1,21
4/11/2022 15:01:10.971,0,0,0,1,1,1,22,-4636,136,-87,6,0,11537,0,1,0,1,21
4/11/2022 15:01:10.98,0,0,0,1,1,1,28,-3209,95,-90,3,0,11537,0,1,0,1,21
4/11/2022 15:01:10.992,0,0,0,1,1,1,18,-4728,139,-69,2,0,11537,0,1,0,1,21
4/11/2022 15:01:11.001,0,0,0,1,1,1,28,-3182,94,-56,0,0,11537,0,1,0,1,21
4/11/2022 15:01:11.011,0,0,0,1,1,1,12,-5421,159,-54,0,0,11537,0,1,0,1,21
4/11/2022 15:01:11.022,0,0,0,1,1,1,11,-4942,145,-54,0,0,11537,0,1,0,1,21
4/11/2022 15:01:11.032,0,0,0,1,1,1,11,-4845,142,-54,0,0,11537,0,1,0,1,21
4/11/2022 15:01:11.042,0,0,0,1,1,1,11,-4856,143,-54,0,0,11537,0,1,0,1,21
4/11/2022 15:01:11.052,0,0,0,1,1,1,11,-4918,145,-54,0,0,11537,0,1,0,1,21
