collect_time,Emergencyunlockingstatus,opendoor,openclosed,dooraction,lockswitchstate,closewtichstate,Voltage,current,Antipinchforce,speed,corner,prepra1,doorcount,opening,closing,opening_command,closing_command,label
4/11/2022 15:00:43.489,0.0,0.0,1.0515712281065748,0.0,0.0,0.0,-3.1226140095804618,0.8892385750953825,-0.0721310173019512,0.005731544742967879,-1.535415914487188,1.0515712281065748,11536,1,0,1.0515712281065748,-1.0515712281065746,21
4/11/2022 15:00:43.499,0.0,0.0,1.0515712281065748,0.0,0.0,0.0,-3.3169505885507204,0.3378472236518071,-1.2840630568714977,0.6236091135211297,-1.5285847702680624,1.0515712281065748,11536,1,0,1.0515712281065748,-1.0515712281065746,21
4/11/2022 15:00:43.509,0.0,0.0,1.0515712281065748,0.0,0.0,0.0,-3.1226140095804618,0.5873066494219114,-0.7454265948405882,0.5447311260175346,-1.5234614121037184,1.0515712281065748,11536,1,0,1.0515712281065748,-1.0515712281065746,21
4/11/2022 15:00:43.519,0.0,0.0,1.0515712281065748,0.0,0.0,0.0,-2.928277430610203,0.7756915261241625,-0.2741196905635423,0.5710237885187329,-1.5183380539393743,1.0515712281065748,11536,1,0,1.0515712281065748,-1.0515712281065746,21
4/11/2022 15:00:43.529,0.0,0.0,1.0515712281065748,0.0,0.0,0.0,-2.733940851639944,0.6311771001607918,-0.6107674793328608,0.6323733343548624,-1.5115069097202487,1.0515712281065748,11536,1,0,1.0515712281065748,-1.0515712281065746,21
4/11/2022 15:00:43.54,0.0,0.0,1.0515712281065748,0.0,0.0,0.0,-2.733940851639944,0.6156934116647163,-0.6780970370867244,0.693722880190992,-1.5046757655011234,1.0515712281065748,11536,1,0,1.0515712281065748,-1.0515712281065746,21
4/11/2022 15:00:43.55,0.0,0.0,1.0515712281065748,0.0,0.0,0.0,-2.150931114729168,0.6655852968187371,-0.5434379215789971,0.6586659968560609,-1.4978446212819978,1.0515712281065748,11536,1,0,1.0515712281065748,-1.0515712281065746,21
4/11/2022 15:00:43.561,0.0,0.0,1.0515712281065748,0.0,0.0,0.0,-2.150931114729168,0.6311771001607918,-0.6107674793328608,0.7331618739427895,-1.4875979049533097,1.0515712281065748,11536,1,0,1.0515712281065748,-1.0515712281065746,21
4/11/2022 15:00:43.571,0.0,0.0,1.0515712281065748,0.0,0.0,0.0,-2.150931114729168,0.8178415670301457,-0.2067901328096786,0.7243976531090568,-1.4807667607341841,1.0515712281065748,11536,1,0,1.0515712281065748,-1.0515712281065746,21
4/11/2022 15:00:43.581,0.0,0.0,1.0515712281065748,0.0,0.0,0.0,-1.9565945357589092,0.8703140669335124,-0.0721310173019512,0.7813650885283199,-1.4722278304602774,1.0515712281065748,11536,1,0,1.0515712281065748,-1.0515712281065746,21
4/11/2022 15:00:43.592,0.0,0.0,1.0515712281065748,0.0,0.0,0.0,-1.373584798848133,0.7120363623069634,-0.4761083638251334,0.7769829781114536,-1.4653966862411518,1.0515712281065748,11536,1,0,1.0515712281065748,-1.0515712281065746,21
4/11/2022 15:00:43.602,0.0,0.0,1.0515712281065748,0.0,0.0,0.0,-1.5679213778183918,0.7051547229753744,-0.4761083638251334,0.8690072968656478,-1.456857755967245,1.0515712281065748,11536,1,0,1.0515712281065748,-1.0515712281065746,21
4/11/2022 15:00:43.612,0.0,0.0,1.0515712281065748,0.0,0.0,0.0,-0.9849116409076155,0.6414995591581754,-0.6107674793328608,0.8602430760319151,-1.4483188256933381,1.0515712281065748,11536,1,0,1.0515712281065748,-1.0515712281065746,21
4/11/2022 15:00:43.623,0.0,0.0,1.0515712281065748,0.0,0.0,0.0,-1.1792482198778742,1.2763307874972685,0.8704827912521405,0.6981049906078584,-1.43807210936465,1.0515712281065748,11536,1,0,1.0515712281065748,-1.0515712281065746,21
4/11/2022 15:00:43.634,0.0,0.0,1.0515712281065748,0.0,0.0,0.0,-0.596238482967098,1.5791229180871882,1.5437783687907773,0.5447311260175346,-1.4329487512003058,1.0515712281065748,11536,1,0,1.0515712281065748,-1.0515712281065746,21
4/11/2022 15:00:43.644,0.0,0.0,1.0515712281065748,0.0,0.0,0.0,-1.373584798848133,2.406640047710775,3.4290059858989608,0.5359669051838017,-1.4278253930359617,1.0515712281065748,11536,1,0,1.0515712281065748,-1.0515712281065746,21
4/11/2022 15:00:43.654,0.0,0.0,1.0515712281065748,0.0,0.0,0.0,-1.5679213778183918,2.9864181613971557,4.775597140976235,0.5403490156006682,-1.4227020348716175,1.0515712281065748,11536,1,0,1.0515712281065748,-1.0515712281065746,21
4/11/2022 15:00:43.664,0.0,0.0,1.0515712281065748,0.0,0.0,0.0,-1.1792482198778742,2.5804014408333997,3.832983332422143,0.5140563530994698,-1.4158708906524922,1.0515712281065748,11536,1,0,1.0515712281065748,-1.0515712281065746,21
4/11/2022 15:00:43.674,0.0,0.0,1.0515712281065748,0.0,0.0,0.0,-1.5679213778183918,3.278887832989692,-0.341449248317406,0.4264141447621419,-1.4124553185429294,1.0515712281065748,11536,1,0,1.0515712281065748,-1.0515712281065746,21
4/11/2022 15:00:43.685,0.0,0.0,1.0515712281065748,0.0,0.0,0.0,-1.373584798848133,2.768786317535651,4.236960678945326,0.39573937184407715,-1.4073319603785852,1.0515712281065748,11536,1,0,1.0515712281065748,-1.0515712281065746,21
4/11/2022 15:00:43.696,0.0,0.0,1.0515712281065748,0.0,0.0,0.0,-1.1792482198778742,2.9864181613971557,4.775597140976235,0.44832469684647386,-1.4022086022142413,1.0515712281065748,11536,1,0,1.0515712281065748,-1.0515712281065746,21
4/11/2022 15:00:43.706,0.0,0.0,1.0515712281065748,0.0,0.0,0.0,-0.9849116409076155,2.6234116866558317,3.9003128901760067,0.47023524893080587,-1.397085244049897,1.0515712281065748,11536,1,0,1.0515712281065748,-1.0515712281065746,21
4/11/2022 15:00:43.717,0.0,0.0,1.0515712281065748,0.0,0.0,0.0,-1.1792482198778742,3.062976398961084,-0.341449248317406,0.5666416781018665,-1.3902540998307715,1.0515712281065748,11536,1,0,1.0515712281065748,-1.0515712281065746,21
4/11/2022 15:00:43.725,0.0,0.0,1.0515712281065748,0.0,0.0,0.0,-0.2075653250265806,2.506423818018817,3.6983242169144157,0.5403490156006682,-1.3868385277212087,1.0515712281065748,11536,1,0,1.0515712281065748,-1.0515712281065746,21
4/11/2022 15:00:43.737,0.0,0.0,1.0515712281065748,0.0,0.0,0.0,-0.9849116409076155,3.2221143085040818,-0.341449248317406,0.5885522301861985,-1.3800073835020834,1.0515712281065748,11536,1,0,1.0515712281065748,-1.0515712281065746,21
4/11/2022 15:00:43.747,0.0,0.0,1.0515712281065748,0.0,0.0,0.0,-0.9849116409076155,-0.4965515453033695,-0.341449248317406,0.5359669051838017,-1.3748840253377392,1.0515712281065748,11536,1,0,1.0515712281065748,-1.0515712281065746,21
4/11/2022 15:00:43.758,0.0,0.0,1.0515712281065748,0.0,0.0,0.0,-0.40190190399683934,2.8074955387758393,4.371619794453053,0.6411375551885953,-1.368052881118614,1.0515712281065748,11536,1,0,1.0515712281065748,-1.0515712281065746,21
4/11/2022 15:00:43.768,0.0,0.0,1.0515712281065748,0.0,0.0,0.0,0.7641175698247131,2.25868480208161,3.0923581971296423,0.6586659968560609,-1.3612217368994883,1.0515712281065748,11536,1,0,1.0515712281065748,-1.0515712281065746,21
4/11/2022 15:00:43.78,0.0,0.0,1.0515712281065748,0.0,0.0,0.0,1.3471273067354892,1.6118107049122363,1.611107926544641,0.7901293093620527,-1.3509750205708002,1.0515712281065748,11536,1,0,1.0515712281065748,-1.0515712281065746,21
4/11/2022 15:00:43.79,0.0,0.0,1.0515712281065748,0.0,0.0,0.0,0.3754444118841956,2.848785374765374,4.438949352206917,0.7419260947765224,-1.3441438763516746,1.0515712281065748,11536,1,0,1.0515712281065748,-1.0515712281065746,21
4/11/2022 15:00:43.799,0.0,0.0,1.0515712281065748,0.0,0.0,0.0,0.7641175698247131,2.2982542282382474,3.159687754883506,0.8076577510295183,-1.3338971600229863,1.0515712281065748,11536,1,0,1.0515712281065748,-1.0515712281065746,21
4/11/2022 15:00:43.81,0.0,0.0,1.0515712281065748,0.0,0.0,0.0,0.5697809908544543,2.5313697605958274,3.6983242169144157,0.7813650885283199,-1.327066015803861,1.0515712281065748,11536,1,0,1.0515712281065748,-1.0515712281065746,21
4/11/2022 15:00:43.821,0.0,0.0,1.0515712281065748,0.0,0.0,0.0,0.9584541487949718,2.29653381840535,3.159687754883506,0.8514788551981822,-1.3168192994751726,1.0515712281065748,11536,1,0,1.0515712281065748,-1.0515712281065746,21
4/11/2022 15:00:43.831,0.0,0.0,1.0515712281065748,0.0,0.0,0.0,1.7358004646760068,2.013526400893749,2.553721735098733,0.8646251864487814,-1.308280369201266,1.0515712281065748,11536,1,0,1.0515712281065748,-1.0515712281065746,21
4/11/2022 15:00:43.842,0.0,0.0,1.0515712281065748,0.0,0.0,0.0,1.541463885705748,2.1468581629432872,2.8230399661141874,0.8514788551981822,-1.2980336528725778,1.0515712281065748,11536,1,0,1.0515712281065748,-1.0515712281065746,21
4/11/2022 15:00:43.851,0.0,0.0,1.0515712281065748,0.0,0.0,0.0,1.541463885705748,2.1279336547814176,2.8230399661141874,0.8646251864487814,-1.2894947225986708,1.0515712281065748,11536,1,0,1.0515712281065748,-1.0515712281065746,21
4/11/2022 15:00:43.862,0.0,0.0,1.0515712281065748,0.0,0.0,0.0,2.318810201586783,1.3305236972335326,0.9378123490060042,0.9084462906174454,-1.2792480062699827,1.0515712281065748,11536,1,0,1.0515712281065748,-1.0515712281065746,21
4/11/2022 15:00:43.872,0.0,0.0,1.0515712281065748,0.0,0.0,0.0,1.541463885705748,2.161481646522914,2.8903695238680513,0.8514788551981822,-1.2707090759960757,1.0515712281065748,11536,1,0,1.0515712281065748,-1.0515712281065746,21
4/11/2022 15:00:43.882,0.0,0.0,1.0515712281065748,0.0,0.0,0.0,1.541463885705748,2.201911277596,2.957699081621915,0.9084462906174454,-1.2604623596673876,1.0515712281065748,11536,1,0,1.0515712281065748,-1.0515712281065746,21
4/11/2022 15:00:43.893,0.0,0.0,1.0515712281065748,0.0,0.0,0.0,1.7358004646760068,2.046214187718797,2.6210512928525964,0.9478852843692429,-1.2519234293934807,1.0515712281065748,11536,1,0,1.0515712281065748,-1.0515712281065746,21
4/11/2022 15:00:43.903,0.0,0.0,1.0515712281065748,0.0,0.0,0.0,1.9301370436462655,1.8604099257658917,2.1497443885755505,0.9566495052029758,-1.2416767130647925,1.0515712281065748,11536,1,0,1.0515712281065748,-1.0515712281065746,21
4/11/2022 15:00:43.913,0.0,0.0,1.0515712281065748,0.0,0.0,0.0,2.124473622616524,1.67890668839523,1.7457670420523685,1.0399096031234372,-1.2314299967361042,1.0515712281065748,11536,1,0,1.0515712281065748,-1.0515712281065746,21
4/11/2022 15:00:43.923,0.0,0.0,1.0515712281065748,0.0,0.0,0.0,2.124473622616524,1.570520868922702,1.5437783687907773,1.0179990510391053,-1.221183280407416,1.0515712281065748,11536,1,0,1.0515712281065748,-1.0515712281065746,21
4/11/2022 15:00:43.934,0.0,0.0,1.0515712281065748,0.0,0.0,0.0,1.9301370436462655,1.9928814828989816,2.486392177344869,0.9522673947861093,-1.2092287780239466,1.0515712281065748,11536,1,0,1.0515712281065748,-1.0515712281065746,21
4/11/2022 15:00:43.944,0.0,0.0,1.0515712281065748,0.0,0.0,0.0,0.9584541487949718,2.862548653428552,4.5062789099607805,0.9303568427017773,-1.1989820616952582,1.0515712281065748,11536,1,0,1.0515712281065748,-1.0515712281065746,21
4/11/2022 15:00:43.954,0.0,0.0,1.0515712281065748,0.0,0.0,0.0,1.1527907277652305,2.9227629975799565,4.6409380254685075,0.9172105114511782,-1.1904431314213515,1.0515712281065748,11536,1,0,1.0515712281065748,-1.0515712281065746,21
4/11/2022 15:00:43.966,0.0,0.0,1.0515712281065748,0.0,0.0,0.0,1.541463885705748,2.2664266463296476,3.0923581971296423,1.0618201552077693,-1.1784886290378818,1.0515712281065748,11536,1,0,1.0515712281065748,-1.0515712281065746,21
4/11/2022 15:00:43.976,0.0,0.0,1.0515712281065748,0.0,0.0,0.0,1.7358004646760068,2.1657826711051573,2.8903695238680513,1.0092348302053724,-1.1682419127091936,1.0515712281065748,11536,1,0,1.0515712281065748,-1.0515712281065746,21
4/11/2022 15:00:43.986,0.0,0.0,1.0515712281065748,0.0,0.0,0.0,2.318810201586783,1.8664313601810323,2.2170739463294145,1.0267632718728381,-1.1579951963805053,1.0515712281065748,11536,1,0,1.0515712281065748,-1.0515712281065746,21
4/11/2022 15:00:43.996,0.0,0.0,1.0515712281065748,0.0,0.0,0.0,2.124473622616524,1.966215130489074,2.4190626195910054,1.0399096031234372,-1.1460406939970358,1.0515712281065748,11536,1,0,1.0515712281065748,-1.0515712281065746,21
4/11/2022 15:00:44.007,0.0,0.0,1.0515712281065748,0.0,0.0,0.0,2.7074833595273002,1.3614910742256834,1.0724714645137317,1.101259148959567,-1.1357939776683477,1.0515712281065748,11536,1,0,1.0515712281065748,-1.0515712281065746,21
4/11/2022 15:00:44.017,0.0,0.0,1.0515712281065748,0.0,0.0,0.0,1.9301370436462655,2.0453539828023484,2.6210512928525964,1.0530559343740364,-1.1221316892300968,1.0515712281065748,11536,1,0,1.0515712281065748,-1.0515712281065746,21
4/11/2022 15:00:44.029,0.0,0.0,1.0515712281065748,0.0,0.0,0.0,2.5131467805570415,1.4483717707869956,1.207130580021459,1.092494928125834,-1.110177186846627,1.0515712281065748,11536,1,0,1.0515712281065748,-1.0515712281065746,21
4/11/2022 15:00:44.039,0.0,0.0,1.0515712281065748,0.0,0.0,0.0,2.5131467805570415,1.3821359922204506,1.0724714645137317,1.1669908052125628,-1.0982226844631575,1.0515712281065748,11536,1,0,1.0515712281065748,-1.0515712281065746,21
4/11/2022 15:00:44.048,0.0,0.0,1.0515712281065748,0.0,0.0,0.0,2.318810201586783,1.669444434314295,1.7457670420523685,1.114405480210166,-1.086268182079688,1.0515712281065748,11536,1,0,1.0515712281065748,-1.0515712281065746,21
4/11/2022 15:00:44.059,0.0,0.0,1.0515712281065748,0.0,0.0,0.0,2.5131467805570415,1.239341976089977,0.7358236757444131,1.1713729156294292,-1.0743136796962183,1.0515712281065748,11536,1,0,1.0515712281065748,-1.0515712281065746,21
4/11/2022 15:00:44.069,0.0,0.0,1.0515712281065748,0.0,0.0,0.0,2.124473622616524,1.5068657051055028,1.3417896955291864,1.1845192468800285,-1.0606513912579674,1.0515712281065748,11536,1,0,1.0515712281065748,-1.0515712281065746,21
4/11/2022 15:00:44.08,0.0,0.0,1.0515712281065748,0.0,0.0,0.0,2.318810201586783,1.2109552138471722,0.6684941179905494,1.2151940197980933,-1.0486968888744979,1.0515712281065748,11536,1,0,1.0515712281065748,-1.0515712281065746,21
4/11/2022 15:00:44.091,0.0,0.0,1.0515712281065748,0.0,0.0,0.0,2.5131467805570415,0.9821407060718351,0.19718721371350356,1.2414866822992916,-1.0333268143814656,1.0515712281065748,11536,1,0,1.0515712281065748,-1.0515712281065746,21
4/11/2022 15:00:44.101,0.0,0.0,1.0515712281065748,0.0,0.0,0.0,1.9301370436462655,1.2909542710768953,0.8704827912521405,1.2721614552173564,-1.0213723119979958,1.0515712281065748,11536,1,0,1.0515712281065748,-1.0515712281065746,21
4/11/2022 15:00:44.112,0.0,0.0,1.0515712281065748,0.0,0.0,0.0,2.318810201586783,1.0664407878838014,0.331846329221231,1.1976655781306276,-1.007710023559745,1.0515712281065748,11536,1,0,1.0515712281065748,-1.0515712281065746,21
4/11/2022 15:00:44.121,0.0,0.0,1.0515712281065748,0.0,0.0,0.0,1.541463885705748,1.3683727135572725,1.0724714645137317,1.2984541177185547,-0.9957555211762753,1.0515712281065748,11536,1,0,1.0515712281065748,-1.0515712281065746,21
4/11/2022 15:00:44.131,0.0,0.0,1.0515712281065748,0.0,0.0,0.0,1.9301370436462655,0.9202059520875334,-0.004801459548087519,1.3335110010534859,-0.980385446683243,1.0515712281065748,11536,1,0,1.0515712281065748,-1.0515712281065746,21
4/11/2022 15:00:44.142,0.0,0.0,1.0515712281065748,0.0,0.0,0.0,1.9301370436462655,0.9485927143303383,0.06252809820577618,1.2502509031330244,-0.9684309442997734,1.0515712281065748,11536,1,0,1.0515712281065748,-1.0515712281065746,21
4/11/2022 15:00:44.152,0.0,0.0,1.0515712281065748,0.0,0.0,0.0,1.7358004646760068,0.7920354195366865,-0.2741196905635423,1.3072183385522875,-0.9547686558615225,1.0515712281065748,11536,1,0,1.0515712281065748,-1.0515712281065746,21
4/11/2022 15:00:44.163,0.0,0.0,1.0515712281065748,0.0,0.0,0.0,1.3471273067354892,0.7903150097037893,-0.2741196905635423,1.368567884388417,-0.9393985813684902,1.0515712281065748,11536,1,0,1.0515712281065748,-1.0515712281065746,21
4/11/2022 15:00:44.173,0.0,0.0,1.0515712281065748,0.0,0.0,0.0,1.541463885705748,0.8789161160979988,-0.0721310173019512,1.289689896884822,-0.9274440789850206,1.0515712281065748,11536,1,0,1.0515712281065748,-1.0515712281065746,21
4/11/2022 15:00:44.183,0.0,0.0,1.0515712281065748,0.0,0.0,0.0,1.541463885705748,0.6380587394923808,-0.6107674793328608,1.311600448969154,-0.9137817905467697,1.0515712281065748,11536,1,0,1.0515712281065748,-1.0515712281065746,21
4/11/2022 15:00:44.194,0.0,0.0,1.0515712281065748,0.0,0.0,0.0,1.541463885705748,0.7541864032129466,-0.341449248317406,1.2414866822992916,-0.9001195021085187,1.0515712281065748,11536,1,0,1.0515712281065748,-1.0515712281065746,21
4/11/2022 15:00:44.204,0.0,0.0,1.0515712281065748,0.0,0.0,0.0,1.3471273067354892,0.8195619768630429,-0.2067901328096786,1.26777934480049,-0.8864572136702678,1.0515712281065748,11536,1,0,1.0515712281065748,-1.0515712281065746,21
4/11/2022 15:00:44.214,0.0,0.0,1.0515712281065748,0.0,0.0,0.0,1.3471273067354892,0.6036505428344354,-0.6780970370867244,1.311600448969154,-0.8727949252320167,1.0515712281065748,11536,1,0,1.0515712281065748,-1.0515712281065746,21
4/11/2022 15:00:44.226,0.0,0.0,1.0515712281065748,0.0,0.0,0.0,1.1527907277652305,0.6845098049806071,-0.5434379215789971,1.245868792716158,-0.8574248507389844,1.0515712281065748,11536,1,0,1.0515712281065748,-1.0515712281065746,21
4/11/2022 15:00:44.235,0.0,0.0,1.0515712281065748,0.0,0.0,0.0,1.1527907277652305,0.5804250100903222,-0.7454265948405882,1.2984541177185547,-0.8437625623007335,1.0515712281065748,11536,1,0,1.0515712281065748,-1.0515712281065746,21
4/11/2022 15:00:44.248,0.0,0.0,1.0515712281065748,0.0,0.0,0.0,0.9584541487949718,0.816981362113697,-0.2067901328096786,1.2327224614655587,-0.8301002738624825,1.0515712281065748,11536,1,0,1.0515712281065748,-1.0515712281065746,21
4/11/2022 15:00:44.257,0.0,0.0,1.0515712281065748,0.0,0.0,0.0,0.9584541487949718,0.5804250100903222,-0.7454265948405882,1.289689896884822,-0.8164379854242316,1.0515712281065748,11536,1,0,1.0515712281065748,-1.0515712281065746,21
4/11/2022 15:00:44.268,0.0,0.0,1.0515712281065748,0.0,0.0,0.0,1.1527907277652305,0.5916076740041545,-0.7454265948405882,1.2414866822992916,-0.8010679109311992,1.0515712281065748,11536,1,0,1.0515712281065748,-1.0515712281065746,21
4/11/2022 15:00:44.28,0.0,0.0,1.0515712281065748,0.0,0.0,0.0,1.1527907277652305,0.5744035756751817,-0.7454265948405882,1.2414866822992916,-0.7874056224929483,1.0515712281065748,11536,1,0,1.0515712281065748,-1.0515712281065746,21
4/11/2022 15:00:44.29,0.0,0.0,1.0515712281065748,0.0,0.0,0.0,0.9584541487949718,0.6363383296594836,-0.6107674793328608,1.2633972343836235,-0.7754511201094787,1.0515712281065748,11536,1,0,1.0515712281065748,-1.0515712281065746,21
4/11/2022 15:00:44.3,0.0,0.0,1.0515712281065748,0.0,0.0,0.0,0.7641175698247131,0.8376262801084643,-0.1394605750558149,1.1976655781306276,-0.7617888316712278,1.0515712281065748,11536,1,0,1.0515712281065748,-1.0515712281065746,21
4/11/2022 15:00:44.31,0.0,0.0,1.0515712281065748,0.0,0.0,0.0,1.1527907277652305,0.6475209935733158,-0.6107674793328608,1.1582265843788302,-0.7498343292877582,1.0515712281065748,11536,1,0,1.0515712281065748,-1.0515712281065746,21
4/11/2022 15:00:44.32,0.0,0.0,1.0515712281065748,0.0,0.0,0.0,0.7641175698247131,0.7292404606359362,-0.40877880607126965,1.2371045718824252,-0.7361720408495073,1.0515712281065748,11536,1,0,1.0515712281065748,-1.0515712281065746,21
4/11/2022 15:00:44.33,0.0,0.0,1.0515712281065748,0.0,0.0,0.0,0.7641175698247131,0.5984893133357436,-0.6780970370867244,1.26777934480049,-0.7242175384660376,1.0515712281065748,11536,1,0,1.0515712281065748,-1.0515712281065746,21
4/11/2022 15:00:44.341,0.0,0.0,1.0515712281065748,0.0,0.0,0.0,0.5697809908544543,0.781712960539303,-0.2741196905635423,1.1932834677137611,-0.712263036082568,1.0515712281065748,11536,1,0,1.0515712281065748,-1.0515712281065746,21
4/11/2022 15:00:44.351,0.0,0.0,1.0515712281065748,0.0,0.0,0.0,0.7641175698247131,0.6664455017351858,-0.5434379215789971,1.1713729156294292,-0.6968929615895357,1.0515712281065748,11536,1,0,1.0515712281065748,-1.0515712281065746,21
4/11/2022 15:00:44.362,0.0,0.0,1.0515712281065748,0.0,0.0,0.0,0.18110783291393687,0.6896710344792989,-0.4761083638251334,1.3159825593860204,-0.6832306731512848,1.0515712281065748,11536,1,0,1.0515712281065748,-1.0515712281065746,21
4/11/2022 15:00:44.371,0.0,0.0,1.0515712281065748,0.0,0.0,0.0,0.3754444118841956,0.7447241491320116,-0.341449248317406,1.2239582406318261,-0.6712761707678152,1.0515712281065748,11536,1,0,1.0515712281065748,-1.0515712281065746,21
4/11/2022 15:00:44.381,0.0,0.0,1.0515712281065748,0.0,0.0,0.0,0.7641175698247131,0.6234352559127541,-0.6780970370867244,1.1582265843788302,-0.6593216683843456,1.0515712281065748,11536,1,0,1.0515712281065748,-1.0515712281065746,21
4/11/2022 15:00:44.393,0.0,0.0,1.0515712281065748,0.0,0.0,0.0,0.7641175698247131,0.5881668543383599,-0.7454265948405882,1.1626086947956964,-0.6473671660008761,1.0515712281065748,11536,1,0,1.0515712281065748,-1.0515712281065746,21
4/11/2022 15:00:44.402,0.0,0.0,1.0515712281065748,0.0,0.0,0.0,0.3754444118841956,0.680208780398364,-0.5434379215789971,1.202047688547494,-0.6337048775626251,1.0515712281065748,11536,1,0,1.0515712281065748,-1.0515712281065746,21
4/11/2022 15:00:44.413,0.0,0.0,1.0515712281065748,0.0,0.0,0.0,0.5697809908544543,0.585586239589014,-0.7454265948405882,1.2195761302149597,-0.6217503751791555,1.0515712281065748,11536,1,0,1.0515712281065748,-1.0515712281065746,21
4/11/2022 15:00:44.423,0.0,0.0,1.0515712281065748,0.0,0.0,0.0,0.3754444118841956,0.6354781247430349,-0.6107674793328608,1.2239582406318261,-0.6115036588504673,1.0515712281065748,11536,1,0,1.0515712281065748,-1.0515712281065746,21
4/11/2022 15:00:44.434,0.0,0.0,1.0515712281065748,0.0,0.0,0.0,0.18110783291393687,0.7653690671267789,-0.341449248317406,1.1845192468800285,-0.5944257983026536,1.0515712281065748,11536,1,0,1.0515712281065748,-1.0515712281065746,21
4/11/2022 15:00:44.444,0.0,0.0,1.0515712281065748,0.0,0.0,0.0,0.3754444118841956,0.5202106659389177,-0.8800857103483155,1.2633972343836235,-0.582471295919184,1.0515712281065748,11536,1,0,1.0515712281065748,-1.0515712281065746,21
4/11/2022 15:00:44.454,0.0,0.0,1.0515712281065748,0.0,0.0,0.0,0.3754444118841956,0.6845098049806071,-0.5434379215789971,1.180137136463162,-0.5705167935357145,1.0515712281065748,11536,1,0,1.0515712281065748,-1.0515712281065746,21
4/11/2022 15:00:44.464,0.0,0.0,1.0515712281065748,0.0,0.0,0.0,0.18110783291393687,0.8875181652624852,-0.0721310173019512,1.123169701043899,-0.5585622911522449,1.0515712281065748,11536,1,0,1.0515712281065748,-1.0515712281065746,21
4/11/2022 15:00:44.475,0.0,0.0,1.0515712281065748,0.0,0.0,0.0,0.7641175698247131,0.642359764074624,-0.6107674793328608,1.092494928125834,-0.5466077887687752,1.0515712281065748,11536,1,0,1.0515712281065748,-1.0515712281065746,21
4/11/2022 15:00:44.487,0.0,0.0,1.0515712281065748,0.0,0.0,0.0,0.5697809908544543,0.5873066494219114,-0.7454265948405882,1.202047688547494,-0.5346532863853057,1.0515712281065748,11536,1,0,1.0515712281065748,-1.0515712281065746,21
4/11/2022 15:00:44.496,0.0,0.0,1.0515712281065748,0.0,0.0,0.0,0.5697809908544543,0.7516057884636007,-0.341449248317406,1.1187875906270324,-0.5226987840018361,1.0515712281065748,11536,1,0,1.0515712281065748,-1.0515712281065746,21
4/11/2022 15:00:44.506,0.0,0.0,1.0515712281065748,0.0,0.0,0.0,0.5697809908544543,0.6182740264140622,-0.6780970370867244,1.1319339218776316,-0.5107442816183665,1.0515712281065748,11536,1,0,1.0515712281065748,-1.0515712281065746,21
4/11/2022 15:00:44.517,0.0,0.0,1.0515712281065748,0.0,0.0,0.0,0.3754444118841956,0.7008536983931312,-0.4761083638251334,1.1626086947956964,-0.4987897792348969,1.0515712281065748,11536,1,0,1.0515712281065748,-1.0515712281065746,21
4/11/2022 15:00:44.528,0.0,0.0,1.0515712281065748,0.0,0.0,0.0,0.5697809908544543,0.6827893951477099,-0.5434379215789971,1.145080253128231,-0.48341970474186463,1.0515712281065748,11536,1,0,1.0515712281065748,-1.0515712281065746,21
4/11/2022 15:00:44.539,0.0,0.0,1.0515712281065748,0.0,0.0,0.0,0.5697809908544543,0.7378425098004225,-0.40877880607126965,1.1187875906270324,-0.4731729884131764,1.0515712281065748,11536,1,0,1.0515712281065748,-1.0515712281065746,21
4/11/2022 15:00:44.549,0.0,0.0,1.0515712281065748,0.0,0.0,0.0,0.18110783291393687,0.7481649687978061,-0.341449248317406,1.188901357296895,-0.46121848602970683,1.0515712281065748,11536,1,0,1.0515712281065748,-1.0515712281065746,21
4/11/2022 15:00:44.559,0.0,0.0,1.0515712281065748,0.0,0.0,0.0,0.3754444118841956,0.6285964854114459,-0.6107674793328608,1.145080253128231,-0.44926398364623726,1.0515712281065748,11536,1,0,1.0515712281065748,-1.0515712281065746,21
4/11/2022 15:00:44.569,0.0,0.0,1.0515712281065748,0.0,0.0,0.0,0.5697809908544543,0.696552673810888,-0.4761083638251334,1.114405480210166,-0.43730948126276764,1.0515712281065748,11536,1,0,1.0515712281065748,-1.0515712281065746,21
4/11/2022 15:00:44.581,0.0,0.0,1.0515712281065748,0.0,0.0,0.0,0.3754444118841956,0.7214986163878985,-0.40877880607126965,1.1494623635450973,-0.4236471928245167,1.0515712281065748,11536,1,0,1.0515712281065748,-1.0515712281065746,21
4/11/2022 15:00:44.591,0.0,0.0,1.0515712281065748,0.0,0.0,0.0,-0.2075653250265806,0.7610680425445357,-0.341449248317406,1.2590151239667573,-0.4116926904410471,1.0515712281065748,11536,1,0,1.0515712281065748,-1.0515712281065746,21
4/11/2022 15:00:44.601,0.0,0.0,1.0515712281065748,0.0,0.0,0.0,0.3754444118841956,0.6595638624035967,-0.5434379215789971,1.1100233697932995,-0.39973818805757755,1.0515712281065748,11536,1,0,1.0515712281065748,-1.0515712281065746,21
4/11/2022 15:00:44.612,0.0,0.0,1.0515712281065748,0.0,0.0,0.0,0.5697809908544543,0.7042945180589257,-0.4761083638251334,1.0749664864583683,-0.387783685674108,1.0515712281065748,11536,1,0,1.0515712281065748,-1.0515712281065746,21
4/11/2022 15:00:44.621,0.0,0.0,1.0515712281065748,0.0,0.0,0.0,0.3754444118841956,0.7068751328082716,-0.4761083638251334,1.123169701043899,-0.37582918329063836,1.0515712281065748,11536,1,0,1.0515712281065748,-1.0515712281065746,21
4/11/2022 15:00:44.631,0.0,0.0,1.0515712281065748,0.0,0.0,0.0,0.18110783291393687,0.883217140680242,-0.0721310173019512,1.1406981427113645,-0.3638746809071688,1.0515712281065748,11536,1,0,1.0515712281065748,-1.0515712281065746,21
4/11/2022 15:00:44.642,0.0,0.0,1.0515712281065748,0.0,0.0,0.0,0.5697809908544543,0.8075191080327621,-0.2067901328096786,1.0705843760415021,-0.3519201785236992,1.0515712281065748,11536,1,0,1.0515712281065748,-1.0515712281065746,21
4/11/2022 15:00:44.651,0.0,0.0,1.0515712281065748,0.0,0.0,0.0,0.7641175698247131,0.6363383296594836,-0.6107674793328608,1.04867382395717,-0.341673462195011,1.0515712281065748,11536,1,0,1.0515712281065748,-1.0515712281065746,21
4/11/2022 15:00:44.663,0.0,0.0,1.0515712281065748,0.0,0.0,0.0,0.3754444118841956,0.613973001831819,-0.6780970370867244,1.1713729156294292,-0.3297189598115414,1.0515712281065748,11536,1,0,1.0515712281065748,-1.0515712281065746,21
4/11/2022 15:00:44.672,0.0,0.0,1.0515712281065748,0.0,0.0,0.0,0.3754444118841956,0.7937558293695839,-0.2741196905635423,1.0881128177089676,-0.3177644574280718,1.0515712281065748,11536,1,0,1.0515712281065748,-1.0515712281065746,21
4/11/2022 15:00:44.682,0.0,0.0,1.0515712281065748,0.0,0.0,0.0,0.3754444118841956,0.7602078376280871,-0.341449248317406,1.0968770385427005,-0.3075177410993836,1.0515712281065748,11536,1,0,1.0515712281065748,-1.0515712281065746,21
4/11/2022 15:00:44.693,0.0,0.0,1.0515712281065748,0.0,0.0,0.0,0.3754444118841956,0.9692376323251056,0.12985765595963986,1.035527492706571,-0.29385545266113267,1.0515712281065748,11536,1,0,1.0515712281065748,-1.0515712281065746,21
4/11/2022 15:00:44.704,0.0,0.0,1.0515712281065748,0.0,0.0,0.0,0.3754444118841956,0.9288080012520197,0.06252809820577618,1.0793485968752348,-0.2819009502776631,1.0515712281065748,11536,1,0,1.0515712281065748,-1.0515712281065746,21
4/11/2022 15:00:44.714,0.0,0.0,1.0515712281065748,0.0,0.0,0.0,0.5697809908544543,0.7928956244531352,-0.2741196905635423,1.0793485968752348,-0.27165423394897487,1.0515712281065748,11536,1,0,1.0515712281065748,-1.0515712281065746,21
4/11/2022 15:00:44.724,0.0,0.0,1.0515712281065748,0.0,0.0,0.0,0.5697809908544543,0.696552673810888,-0.4761083638251334,1.1056412593764333,-0.2596997315655053,1.0515712281065748,11536,1,0,1.0515712281065748,-1.0515712281065746,21
4/11/2022 15:00:44.735,0.0,0.0,1.0515712281065748,0.0,0.0,0.0,0.3754444118841956,0.595048493669949,-0.7454265948405882,1.1582265843788302,-0.2477452291820357,1.0515712281065748,11536,1,0,1.0515712281065748,-1.0515712281065746,21
4/11/2022 15:00:44.746,0.0,0.0,1.0515712281065748,0.0,0.0,0.0,0.5697809908544543,0.6225750509963054,-0.6780970370867244,1.0968770385427005,-0.23408294074378475,1.0515712281065748,11536,1,0,1.0515712281065748,-1.0515712281065746,21
4/11/2022 15:00:44.755,0.0,0.0,1.0515712281065748,0.0,0.0,0.0,0.3754444118841956,0.5520382478475173,-0.8127561525944519,1.1669908052125628,-0.2238362244150965,1.0515712281065748,11536,1,0,1.0515712281065748,-1.0515712281065746,21
4/11/2022 15:00:44.767,0.0,0.0,1.0515712281065748,0.0,0.0,0.0,0.3754444118841956,0.7774119359570598,-0.2741196905635423,1.0837307072921012,-0.21017393597684558,1.0515712281065748,11536,1,0,1.0515712281065748,-1.0515712281065746,21
4/11/2022 15:00:44.776,0.0,0.0,1.0515712281065748,0.0,0.0,0.0,0.5697809908544543,0.7232190262207957,-0.40877880607126965,1.0530559343740364,-0.198219433593376,1.0515712281065748,11536,1,0,1.0515712281065748,-1.0515712281065746,21
4/11/2022 15:00:44.786,0.0,0.0,1.0515712281065748,0.0,0.0,0.0,0.5697809908544543,0.7765517310406111,-0.2741196905635423,1.0442917135403036,-0.1862649312099064,1.0515712281065748,11536,1,0,1.0515712281065748,-1.0515712281065746,21
4/11/2022 15:00:44.798,0.0,0.0,1.0515712281065748,0.0,0.0,0.0,0.18110783291393687,0.8505293538551938,-0.1394605750558149,1.1669908052125628,-0.1760182148812182,1.0515712281065748,11536,1,0,1.0515712281065748,-1.0515712281065746,21
4/11/2022 15:00:44.807,0.0,0.0,1.0515712281065748,0.0,0.0,0.0,0.5697809908544543,0.7326812803017307,-0.40877880607126965,1.0618201552077693,-0.1640637124977486,1.0515712281065748,11536,1,0,1.0515712281065748,-1.0515712281065746,21
4/11/2022 15:00:44.818,0.0,0.0,1.0515712281065748,0.0,0.0,0.0,0.5697809908544543,0.6999934934766826,-0.4761083638251334,1.0881128177089676,-0.15210921011427903,1.0515712281065748,11536,1,0,1.0515712281065748,-1.0515712281065746,21
4/11/2022 15:00:44.828,0.0,0.0,1.0515712281065748,0.0,0.0,0.0,-0.013228746056321858,0.8746150915157556,-0.0721310173019512,1.1275518114607652,-0.14015470773080943,1.0515712281065748,11536,1,0,1.0515712281065748,-1.0515712281065746,21
4/11/2022 15:00:44.839,0.0,0.0,1.0515712281065748,0.0,0.0,0.0,0.3754444118841956,0.7257996409701416,-0.40877880607126965,1.1582265843788302,-0.12990799140212123,1.0515712281065748,11536,1,0,1.0515712281065748,-1.0515712281065746,21
4/11/2022 15:00:44.849,0.0,0.0,1.0515712281065748,0.0,0.0,0.0,0.3754444118841956,0.8436477145236048,-0.1394605750558149,1.0793485968752348,-0.11795348901865164,1.0515712281065748,11536,1,0,1.0515712281065748,-1.0515712281065746,21
4/11/2022 15:00:44.859,0.0,0.0,1.0515712281065748,0.0,0.0,0.0,0.3754444118841956,0.6552628378213535,-0.6107674793328608,1.1056412593764333,-0.10599898663518206,1.0515712281065748,11536,1,0,1.0515712281065748,-1.0515712281065746,21
4/11/2022 15:00:44.869,0.0,0.0,1.0515712281065748,0.0,0.0,0.0,0.3754444118841956,0.5675219363435927,-0.8127561525944519,1.1494623635450973,-0.09404448425171247,1.0515712281065748,11536,1,0,1.0515712281065748,-1.0515712281065746,21
4/11/2022 15:00:44.88,0.0,0.0,1.0515712281065748,0.0,0.0,0.0,0.18110783291393687,0.6759077558161207,-0.5434379215789971,1.1319339218776316,-0.08208998186824289,1.0515712281065748,11536,1,0,1.0515712281065748,-1.0515712281065746,21
4/11/2022 15:00:44.891,0.0,0.0,1.0515712281065748,0.0,0.0,0.0,0.3754444118841956,0.6879506246464017,-0.4761083638251334,1.092494928125834,-0.06842769342999194,1.0515712281065748,11536,1,0,1.0515712281065748,-1.0515712281065746,21
4/11/2022 15:00:44.901,0.0,0.0,1.0515712281065748,0.0,0.0,0.0,-0.013228746056321858,0.8926793947611771,-0.004801459548087519,1.114405480210166,-0.056473191046522354,1.0515712281065748,11536,1,0,1.0515712281065748,-1.0515712281065746,21
4/11/2022 15:00:44.911,0.0,0.0,1.0515712281065748,0.0,0.0,0.0,0.3754444118841956,0.8556905833538856,-0.1394605750558149,1.0267632718728381,-0.04622647471783414,1.0515712281065748,11536,1,0,1.0515712281065748,-1.0515712281065746,21
4/11/2022 15:00:44.921,0.0,0.0,1.0515712281065748,0.0,0.0,0.0,0.5697809908544543,0.6707465263174289,-0.5434379215789971,1.035527492706571,-0.034271972334364555,1.0515712281065748,11536,1,0,1.0515712281065748,-1.0515712281065746,21
4/11/2022 15:00:44.931,0.0,0.0,1.0515712281065748,0.0,0.0,0.0,0.3754444118841956,0.6810689853148126,-0.5434379215789971,1.1319339218776316,-0.022317469950894973,1.0515712281065748,11536,1,0,1.0515712281065748,-1.0515712281065746,21
4/11/2022 15:00:44.942,0.0,0.0,1.0515712281065748,0.0,0.0,0.0,0.3754444118841956,0.7713905015419193,-0.341449248317406,1.0968770385427005,-0.01207075362220676,1.0515712281065748,11536,1,0,1.0515712281065748,-1.0515712281065746,21
4/11/2022 15:00:44.952,0.0,0.0,1.0515712281065748,0.0,0.0,0.0,-0.013228746056321858,0.8273038211110806,-0.2067901328096786,1.1494623635450973,-0.00011625123873717584,1.0515712281065748,11536,1,0,1.0515712281065748,-1.0515712281065746,21
4/11/2022 15:00:44.962,0.0,0.0,1.0515712281065748,0.0,0.0,0.0,0.18110783291393687,0.798056853951827,-0.2741196905635423,1.0881128177089676,0.010130465089951038,1.0515712281065748,11536,1,0,1.0515712281065748,-1.0515712281065746,21
4/11/2022 15:00:44.974,0.0,0.0,1.0515712281065748,0.0,0.0,0.0,0.3754444118841956,0.816981362113697,-0.2067901328096786,1.123169701043899,0.023792753528201992,1.0515712281065748,11536,1,0,1.0515712281065748,-1.0515712281065746,21
4/11/2022 15:00:44.983,0.0,0.0,1.0515712281065748,0.0,0.0,0.0,0.18110783291393687,0.977839681489592,0.12985765595963986,1.04867382395717,0.03574725591167158,1.0515712281065748,11536,1,0,1.0515712281065748,-1.0515712281065746,21
4/11/2022 15:00:44.993,0.0,0.0,1.0515712281065748,0.0,0.0,0.0,0.3754444118841956,0.8152609522807998,-0.2067901328096786,1.0662022656246357,0.04770175829514116,1.0515712281065748,11536,1,0,1.0515712281065748,-1.0515712281065746,21
4/11/2022 15:00:45.004,0.0,0.0,1.0515712281065748,0.0,0.0,0.0,0.3754444118841956,0.6604240673200453,-0.5434379215789971,1.123169701043899,0.05794847462382937,1.0515712281065748,11536,1,0,1.0515712281065748,-1.0515712281065746,21
4/11/2022 15:00:45.014,0.0,0.0,1.0515712281065748,0.0,0.0,0.0,0.5697809908544543,0.6552628378213535,-0.6107674793328608,1.1187875906270324,0.06990297700729896,1.0515712281065748,11536,1,0,1.0515712281065748,-1.0515712281065746,21
4/11/2022 15:00:45.025,0.0,0.0,1.0515712281065748,0.0,0.0,0.0,0.18110783291393687,0.7722507064583679,-0.341449248317406,1.1626086947956964,0.08185747939076854,1.0515712281065748,11536,1,0,1.0515712281065748,-1.0515712281065746,21
4/11/2022 15:00:45.036,0.0,0.0,1.0515712281065748,0.0,0.0,0.0,0.3754444118841956,0.7851537802050975,-0.2741196905635423,1.0793485968752348,0.09381198177423812,1.0515712281065748,11536,1,0,1.0515712281065748,-1.0515712281065746,21
4/11/2022 15:00:45.046,0.0,0.0,1.0515712281065748,0.0,0.0,0.0,0.3754444118841956,0.7326812803017307,-0.40877880607126965,1.0881128177089676,0.10405869810292634,1.0515712281065748,11536,1,0,1.0515712281065748,-1.0515712281065746,21
4/11/2022 15:00:45.056,0.0,0.0,1.0515712281065748,0.0,0.0,0.0,0.18110783291393687,0.7412833294662171,-0.40877880607126965,1.114405480210166,0.11601320048639592,1.0515712281065748,11536,1,0,1.0515712281065748,-1.0515712281065746,21
4/11/2022 15:00:45.065,0.0,0.0,1.0515712281065748,0.0,0.0,0.0,0.18110783291393687,0.8161211571972484,-0.2067901328096786,1.1187875906270324,0.1279677028698655,1.0515712281065748,11536,1,0,1.0515712281065748,-1.0515712281065746,21
4/11/2022 15:00:45.076,0.0,0.0,1.0515712281065748,0.0,0.0,0.0,0.18110783291393687,0.9004212390092148,-0.004801459548087519,1.0662022656246357,0.1382144191985537,1.0515712281065748,11536,1,0,1.0515712281065748,-1.0515712281065746,21
4/11/2022 15:00:45.086,0.0,0.0,1.0515712281065748,0.0,0.0,0.0,0.3754444118841956,0.7318210753852821,-0.40877880607126965,1.0749664864583683,0.1501689215820233,1.0515712281065748,11536,1,0,1.0515712281065748,-1.0515712281065746,21
4/11/2022 15:00:45.097,0.0,0.0,1.0515712281065748,0.0,0.0,0.0,0.3754444118841956,0.7223588213043471,-0.40877880607126965,1.0881128177089676,0.16383121002027426,1.0515712281065748,11536,1,0,1.0515712281065748,-1.0515712281065746,21
4/11/2022 15:00:45.109,0.0,0.0,1.0515712281065748,0.0,0.0,0.0,0.5697809908544543,0.7042945180589257,-0.4761083638251334,1.0662022656246357,0.17578571240374383,1.0515712281065748,11536,1,0,1.0515712281065748,-1.0515712281065746,21
4/11/2022 15:00:45.119,0.0,0.0,1.0515712281065748,0.0,0.0,0.0,0.18110783291393687,0.6587036574871481,-0.5434379215789971,1.1845192468800285,0.18774021478721342,1.0515712281065748,11536,1,0,1.0515712281065748,-1.0515712281065746,21
4/11/2022 15:00:45.129,0.0,0.0,1.0515712281065748,0.0,0.0,0.0,0.18110783291393687,0.826443616194632,-0.2067901328096786,1.1275518114607652,0.19798693111590163,1.0515712281065748,11536,1,0,1.0515712281065748,-1.0515712281065746,21
4/11/2022 15:00:45.139,0.0,0.0,1.0515712281065748,0.0,0.0,0.0,0.18110783291393687,0.9451518946645437,0.06252809820577618,1.0968770385427005,0.20994143349937122,1.0515712281065748,11536,1,0,1.0515712281065748,-1.0515712281065746,21
4/11/2022 15:00:45.149,0.0,0.0,1.0515712281065748,0.0,0.0,0.0,0.18110783291393687,0.7739711162912652,-0.2741196905635423,1.1056412593764333,0.2218959358828408,1.0515712281065748,11536,1,0,1.0515712281065748,-1.0515712281065746,21
4/11/2022 15:00:45.159,0.0,0.0,1.0515712281065748,0.0,0.0,0.0,0.3754444118841956,0.7232190262207957,-0.40877880607126965,1.1100233697932995,0.23385043826631038,1.0515712281065748,11536,1,0,1.0515712281065748,-1.0515712281065746,21
4/11/2022 15:00:45.171,0.0,0.0,1.0515712281065748,0.0,0.0,0.0,0.5697809908544543,0.826443616194632,-0.2067901328096786,1.04867382395717,0.24580494064977998,1.0515712281065748,11536,1,0,1.0515712281065748,-1.0515712281065746,21
4/11/2022 15:00:45.181,0.0,0.0,1.0515712281065748,0.0,0.0,0.0,0.5697809908544543,0.7533261982964979,-0.341449248317406,1.0530559343740364,0.25775944303324955,1.0515712281065748,11536,1,0,1.0515712281065748,-1.0515712281065746,21
4/11/2022 15:00:45.191,0.0,0.0,1.0515712281065748,0.0,0.0,0.0,0.3754444118841956,0.6956924688944394,-0.4761083638251334,1.1275518114607652,0.2680061593619378,1.0515712281065748,11536,1,0,1.0515712281065748,-1.0515712281065746,21
4/11/2022 15:00:45.201,0.0,0.0,1.0515712281065748,0.0,0.0,0.0,0.5697809908544543,0.7645088622103302,-0.341449248317406,1.0793485968752348,0.27996066174540735,1.0515712281065748,11536,1,0,1.0515712281065748,-1.0515712281065746,21
4/11/2022 15:00:45.211,0.0,0.0,1.0515712281065748,0.0,0.0,0.0,0.18110783291393687,0.864292632518372,-0.0721310173019512,1.0837307072921012,0.2902073780740956,1.0515712281065748,11536,1,0,1.0515712281065748,-1.0515712281065746,21
4/11/2022 15:00:45.222,0.0,0.0,1.0515712281065748,0.0,0.0,0.0,0.5697809908544543,0.6655852968187371,-0.5434379215789971,1.0574380447909029,0.30386966651234654,1.0515712281065748,11536,1,0,1.0515712281065748,-1.0515712281065746,21
4/11/2022 15:00:45.232,0.0,0.0,1.0515712281065748,0.0,0.0,0.0,0.3754444118841956,0.5984893133357436,-0.6780970370867244,1.1538444739619638,0.3158241688958161,1.0515712281065748,11536,1,0,1.0515712281065748,-1.0515712281065746,21
4/11/2022 15:00:45.242,0.0,0.0,1.0515712281065748,0.0,0.0,0.0,-0.013228746056321858,0.9270875914191224,0.06252809820577618,1.1187875906270324,0.32777867127928567,1.0515712281065748,11536,1,0,1.0515712281065748,-1.0515712281065746,21
4/11/2022 15:00:45.253,0.0,0.0,1.0515712281065748,0.0,0.0,0.0,0.18110783291393687,0.8505293538551938,-0.1394605750558149,1.1187875906270324,0.3380253876079739,1.0515712281065748,11536,1,0,1.0515712281065748,-1.0515712281065746,21
4/11/2022 15:00:45.263,0.0,0.0,1.0515712281065748,0.0,0.0,0.0,0.3754444118841956,0.7834333703722002,-0.2741196905635423,1.0837307072921012,0.34997988999144347,1.0515712281065748,11536,1,0,1.0515712281065748,-1.0515712281065746,21
4/11/2022 15:00:45.274,0.0,0.0,1.0515712281065748,0.0,0.0,0.0,-0.013228746056321858,0.9984845994843592,0.19718721371350356,1.1100233697932995,0.36364217842969443,1.0515712281065748,11536,1,0,1.0515712281065748,-1.0515712281065746,21
4/11/2022 15:00:45.286,0.0,0.0,1.0515712281065748,0.0,0.0,0.0,0.18110783291393687,0.8109599276985565,-0.2067901328096786,1.1187875906270324,0.37388889475838266,1.0515712281065748,11536,1,0,1.0515712281065748,-1.0515712281065746,21
4/11/2022 15:00:45.296,0.0,0.0,1.0515712281065748,0.0,0.0,0.0,0.3754444118841956,0.6905312393957476,-0.4761083638251334,1.1187875906270324,0.38584339714185223,1.0515712281065748,11536,1,0,1.0515712281065748,-1.0515712281065746,21
4/11/2022 15:00:45.307,0.0,0.0,1.0515712281065748,0.0,0.0,0.0,0.3754444118841956,0.7137567721398608,-0.4761083638251334,1.0881128177089676,0.3977978995253218,1.0515712281065748,11536,1,0,1.0515712281065748,-1.0515712281065746,21
4/11/2022 15:00:45.316,0.0,0.0,1.0515712281065748,0.0,0.0,0.0,-0.2075653250265806,0.7928956244531352,-0.2741196905635423,1.2195761302149597,0.40804461585401003,1.0515712281065748,11536,1,0,1.0515712281065748,-1.0515712281065746,21
4/11/2022 15:00:45.327,0.0,0.0,1.0515712281065748,0.0,0.0,0.0,-0.013228746056321858,0.8006374687011729,-0.2741196905635423,1.1319339218776316,0.4234146903470424,1.0515712281065748,11536,1,0,1.0515712281065748,-1.0515712281065746,21
4/11/2022 15:00:45.337,0.0,0.0,1.0515712281065748,0.0,0.0,0.0,0.18110783291393687,0.7842935752886488,-0.2741196905635423,1.145080253128231,0.43366140667573055,1.0515712281065748,11536,1,0,1.0515712281065748,-1.0515712281065746,21
4/11/2022 15:00:45.347,0.0,0.0,1.0515712281065748,0.0,0.0,0.0,0.3754444118841956,0.8402068948578102,-0.1394605750558149,1.0749664864583683,0.4456159090592002,1.0515712281065748,11536,1,0,1.0515712281065748,-1.0515712281065746,21
4/11/2022 15:00:45.357,0.0,0.0,1.0515712281065748,0.0,0.0,0.0,0.5697809908544543,0.6458005837404185,-0.6107674793328608,1.0837307072921012,0.45757041144266974,1.0515712281065748,11536,1,0,1.0515712281065748,-1.0515712281065746,21
4/11/2022 15:00:45.368,0.0,0.0,1.0515712281065748,0.0,0.0,0.0,0.3754444118841956,0.60709136250023,-0.6780970370867244,1.1406981427113645,0.4695249138261393,1.0515712281065748,11536,1,0,1.0515712281065748,-1.0515712281065746,21
4/11/2022 15:00:45.378,0.0,0.0,1.0515712281065748,0.0,0.0,0.0,0.3754444118841956,0.7576272228787412,-0.341449248317406,1.0968770385427005,0.47977163015482754,1.0515712281065748,11536,1,0,1.0515712281065748,-1.0515712281065746,21
4/11/2022 15:00:45.389,0.0,0.0,1.0515712281065748,0.0,0.0,0.0,0.18110783291393687,0.8092395178656593,-0.2067901328096786,1.114405480210166,0.4917261325382971,1.0515712281065748,11536,1,0,1.0515712281065748,-1.0515712281065746,21
4/11/2022 15:00:45.399,0.0,0.0,1.0515712281065748,0.0,0.0,0.0,0.3754444118841956,0.6716067312338776,-0.5434379215789971,1.092494928125834,0.5036806349217667,1.0515712281065748,11536,1,0,1.0515712281065748,-1.0515712281065746,21
4/11/2022 15:00:45.409,0.0,0.0,1.0515712281065748,0.0,0.0,0.0,0.18110783291393687,0.7051547229753744,-0.4761083638251334,1.1187875906270324,0.513927351250455,1.0515712281065748,11536,1,0,1.0515712281065748,-1.0515712281065746,21
4/11/2022 15:00:45.42,0.0,0.0,1.0515712281065748,0.0,0.0,0.0,0.18110783291393687,0.7395629196333198,-0.40877880607126965,1.1275518114607652,0.5275896396887059,1.0515712281065748,11536,1,0,1.0515712281065748,-1.0515712281065746,21
4/11/2022 15:00:45.43,0.0,0.0,1.0515712281065748,0.0,0.0,0.0,0.3754444118841956,0.578704600257425,-0.7454265948405882,1.1275518114607652,0.5395441420721755,1.0515712281065748,11536,1,0,1.0515712281065748,-1.0515712281065746,21
4/11/2022 15:00:45.44,0.0,0.0,1.0515712281065748,0.0,0.0,0.0,0.3754444118841956,0.6432199689910726,-0.6107674793328608,1.0881128177089676,0.551498644455645,1.0515712281065748,11536,1,0,1.0515712281065748,-1.0515712281065746,21
4/11/2022 15:00:45.452,0.0,0.0,1.0515712281065748,0.0,0.0,0.0,-0.2075653250265806,0.769670091709022,-0.341449248317406,1.202047688547494,0.5634531468391146,1.0515712281065748,11536,1,0,1.0515712281065748,-1.0515712281065746,21
4/11/2022 15:00:45.462,0.0,0.0,1.0515712281065748,0.0,0.0,0.0,0.18110783291393687,0.7326812803017307,-0.40877880607126965,1.123169701043899,0.5736998631678029,1.0515712281065748,11536,1,0,1.0515712281065748,-1.0515712281065746,21
4/11/2022 15:00:45.472,0.0,0.0,1.0515712281065748,0.0,0.0,0.0,0.3754444118841956,0.708595542641169,-0.4761083638251334,1.0749664864583683,0.5856543655512724,1.0515712281065748,11536,1,0,1.0515712281065748,-1.0515712281065746,21
4/11/2022 15:00:45.482,0.0,0.0,1.0515712281065748,0.0,0.0,0.0,-0.013228746056321858,0.7068751328082716,-0.4761083638251334,1.145080253128231,0.597608867934742,1.0515712281065748,11536,1,0,1.0515712281065748,-1.0515712281065746,21
4/11/2022 15:00:45.491,0.0,0.0,1.0515712281065748,0.0,0.0,0.0,0.18110783291393687,0.7335414852181794,-0.40877880607126965,1.145080253128231,0.6078555842634302,1.0515712281065748,11536,1,0,1.0515712281065748,-1.0515712281065746,21
4/11/2022 15:00:45.502,0.0,0.0,1.0515712281065748,0.0,0.0,0.0,0.3754444118841956,0.5683821412600414,-0.7454265948405882,1.123169701043899,0.6215178727016811,1.0515712281065748,11536,1,0,1.0515712281065748,-1.0515712281065746,21
4/11/2022 15:00:45.514,0.0,0.0,1.0515712281065748,0.0,0.0,0.0,0.3754444118841956,0.6371985345759322,-0.6107674793328608,1.0793485968752348,0.6334723750851508,1.0515712281065748,11536,1,0,1.0515712281065748,-1.0515712281065746,21
4/11/2022 15:00:45.523,0.0,0.0,1.0515712281065748,0.0,0.0,0.0,-0.013228746056321858,0.7602078376280871,-0.341449248317406,1.136316032294498,0.6454268774686204,1.0515712281065748,11536,1,0,1.0515712281065748,-1.0515712281065746,21
4/11/2022 15:00:45.534,0.0,0.0,1.0515712281065748,0.0,0.0,0.0,0.3754444118841956,0.8814967308473448,-0.0721310173019512,1.0530559343740364,0.6556735937973085,1.0515712281065748,11536,1,0,1.0515712281065748,-1.0515712281065746,21
4/11/2022 15:00:45.543,0.0,0.0,1.0515712281065748,0.0,0.0,0.0,0.3754444118841956,0.6458005837404185,-0.6107674793328608,1.0793485968752348,0.6676280961807781,1.0515712281065748,11536,1,0,1.0515712281065748,-1.0515712281065746,21
4/11/2022 15:00:45.554,0.0,0.0,1.0515712281065748,0.0,0.0,0.0,0.18110783291393687,0.6604240673200453,-0.5434379215789971,1.1319339218776316,0.6795825985642477,1.0515712281065748,11536,1,0,1.0515712281065748,-1.0515712281065746,21
4/11/2022 15:00:45.565,0.0,0.0,1.0515712281065748,0.0,0.0,0.0,0.3754444118841956,0.6716067312338776,-0.5434379215789971,1.101259148959567,0.6932448870024986,1.0515712281065748,11536,1,0,1.0515712281065748,-1.0515712281065746,21
4/11/2022 15:00:45.576,0.0,0.0,1.0515712281065748,0.0,0.0,0.0,0.18110783291393687,0.8083793129492106,-0.2067901328096786,1.0881128177089676,0.7034916033311869,1.0515712281065748,11536,1,0,1.0515712281065748,-1.0515712281065746,21
4/11/2022 15:00:45.586,0.0,0.0,1.0515712281065748,0.0,0.0,0.0,-0.013228746056321858,0.6604240673200453,-0.5434379215789971,1.2151940197980933,0.7154461057146565,1.0515712281065748,11536,1,0,1.0515712281065748,-1.0515712281065746,21
4/11/2022 15:00:45.595,0.0,0.0,1.0515712281065748,0.0,0.0,0.0,-0.2075653250265806,0.9993448044008079,0.19718721371350356,1.114405480210166,0.727400608098126,1.0515712281065748,11536,1,0,1.0515712281065748,-1.0515712281065746,21
4/11/2022 15:00:45.606,0.0,0.0,1.0515712281065748,0.0,0.0,0.0,0.5697809908544543,0.7378425098004225,-0.40877880607126965,1.0618201552077693,0.7376473244268142,1.0515712281065748,11536,1,0,1.0515712281065748,-1.0515712281065746,21
4/11/2022 15:00:45.617,0.0,0.0,1.0515712281065748,0.0,0.0,0.0,0.3754444118841956,0.6664455017351858,-0.5434379215789971,1.123169701043899,0.7496018268102839,1.0515712281065748,11536,1,0,1.0515712281065748,-1.0515712281065746,21
4/11/2022 15:00:45.627,0.0,0.0,1.0515712281065748,0.0,0.0,0.0,0.3754444118841956,0.6853700098970558,-0.5434379215789971,1.123169701043899,0.7615563291937534,1.0515712281065748,11536,1,0,1.0515712281065748,-1.0515712281065746,21
4/11/2022 15:00:45.637,0.0,0.0,1.0515712281065748,0.0,0.0,0.0,0.18110783291393687,0.798056853951827,-0.2741196905635423,1.136316032294498,0.7718030455224416,1.0515712281065748,11536,1,0,1.0515712281065748,-1.0515712281065746,21
4/11/2022 15:00:45.647,0.0,0.0,1.0515712281065748,0.0,0.0,0.0,0.18110783291393687,0.7903150097037893,-0.2741196905635423,1.0881128177089676,0.7837575479059112,1.0515712281065748,11536,1,0,1.0515712281065748,-1.0515712281065746,21
4/11/2022 15:00:45.657,0.0,0.0,1.0515712281065748,0.0,0.0,0.0,0.3754444118841956,0.6750475508996722,-0.5434379215789971,1.101259148959567,0.7957120502893809,1.0515712281065748,11536,1,0,1.0515712281065748,-1.0515712281065746,21
4/11/2022 15:00:45.669,0.0,0.0,1.0515712281065748,0.0,0.0,0.0,0.3754444118841956,0.7275200508030389,-0.40877880607126965,1.0881128177089676,0.8076665526728504,1.0515712281065748,11536,1,0,1.0515712281065748,-1.0515712281065746,21
4/11/2022 15:00:45.678,0.0,0.0,1.0515712281065748,0.0,0.0,0.0,-0.2075653250265806,0.743863944215563,-0.40877880607126965,1.2064297989643604,0.81962105505632,1.0515712281065748,11536,1,0,1.0515712281065748,-1.0515712281065746,21
4/11/2022 15:00:45.69,0.0,0.0,1.0515712281065748,0.0,0.0,0.0,-0.013228746056321858,0.7731109113748166,-0.341449248317406,1.114405480210166,0.8332833434945709,1.0515712281065748,11536,1,0,1.0515712281065748,-1.0515712281065746,21
4/11/2022 15:00:45.7,0.0,0.0,1.0515712281065748,0.0,0.0,0.0,-0.013228746056321858,0.8255834112781834,-0.2067901328096786,1.1406981427113645,0.8435300598232591,1.0515712281065748,11536,1,0,1.0515712281065748,-1.0515712281065746,21
4/11/2022 15:00:45.71,0.0,0.0,1.0515712281065748,0.0,0.0,0.0,0.18110783291393687,0.9245069766697765,0.06252809820577618,1.0442917135403036,0.8554845622067287,1.0515712281065748,11536,1,0,1.0515712281065748,-1.0515712281065746,21
4/11/2022 15:00:45.72,0.0,0.0,1.0515712281065748,0.0,0.0,0.0,0.3754444118841956,0.7214986163878985,-0.40877880607126965,1.0749664864583683,0.8674390645901983,1.0515712281065748,11536,1,0,1.0515712281065748,-1.0515712281065746,21
4/11/2022 15:00:45.73,0.0,0.0,1.0515712281065748,0.0,0.0,0.0,0.3754444118841956,0.6621444771529426,-0.5434379215789971,1.1100233697932995,0.8793935669736679,1.0515712281065748,11536,1,0,1.0515712281065748,-1.0515712281065746,21
4/11/2022 15:00:45.741,0.0,0.0,1.0515712281065748,0.0,0.0,0.0,0.5697809908544543,0.7094557475576175,-0.4761083638251334,1.0618201552077693,0.8896402833023561,1.0515712281065748,11536,1,0,1.0515712281065748,-1.0515712281065746,21
4/11/2022 15:00:45.752,0.0,0.0,1.0515712281065748,0.0,0.0,0.0,-0.013228746056321858,0.8556905833538856,-0.1394605750558149,1.1275518114607652,0.9015947856858257,1.0515712281065748,11536,1,0,1.0515712281065748,-1.0515712281065746,21
4/11/2022 15:00:45.762,0.0,0.0,1.0515712281065748,0.0,0.0,0.0,0.3754444118841956,0.8651528374348206,-0.0721310173019512,1.0618201552077693,0.9118415020145139,1.0515712281065748,11536,1,0,1.0515712281065748,-1.0515712281065746,21
4/11/2022 15:00:45.772,0.0,0.0,1.0515712281065748,0.0,0.0,0.0,0.3754444118841956,0.6767679607325694,-0.5434379215789971,1.0749664864583683,0.9237960043979835,1.0515712281065748,11536,1,0,1.0515712281065748,-1.0515712281065746,21
4/11/2022 15:00:45.782,0.0,0.0,1.0515712281065748,0.0,0.0,0.0,0.18110783291393687,0.6879506246464017,-0.4761083638251334,1.123169701043899,0.9357505067814531,1.0515712281065748,11536,1,0,1.0515712281065748,-1.0515712281065746,21
4/11/2022 15:00:45.793,0.0,0.0,1.0515712281065748,0.0,0.0,0.0,0.3754444118841956,0.6931118541450935,-0.4761083638251334,1.092494928125834,0.949412795219704,1.0515712281065748,11536,1,0,1.0515712281065748,-1.0515712281065746,21
4/11/2022 15:00:45.803,0.0,0.0,1.0515712281065748,0.0,0.0,0.0,0.18110783291393687,0.8814967308473448,-0.0721310173019512,1.101259148959567,0.9613672976031736,1.0515712281065748,11536,1,0,1.0515712281065748,-1.0515712281065746,21
4/11/2022 15:00:45.813,0.0,0.0,1.0515712281065748,0.0,0.0,0.0,-0.2075653250265806,0.7894548047873406,-0.2741196905635423,1.2195761302149597,0.9716140139318619,1.0515712281065748,11536,1,0,1.0515712281065748,-1.0515712281065746,21
4/11/2022 15:00:45.824,0.0,0.0,1.0515712281065748,0.0,0.0,0.0,-0.013228746056321858,0.781712960539303,-0.2741196905635423,1.1100233697932995,0.9835685163153314,1.0515712281065748,11536,1,0,1.0515712281065748,-1.0515712281065746,21
4/11/2022 15:00:45.834,0.0,0.0,1.0515712281065748,0.0,0.0,0.0,0.3754444118841956,0.8582711981032315,-0.1394605750558149,1.0530559343740364,0.9938152326440196,1.0515712281065748,11536,1,0,1.0515712281065748,-1.0515712281065746,21
4/11/2022 15:00:45.844,0.0,0.0,1.0515712281065748,0.0,0.0,0.0,-0.013228746056321858,0.6569832476542508,-0.5434379215789971,1.188901357296895,1.0057697350274892,1.0515712281065748,11536,1,0,1.0515712281065748,-1.0515712281065746,21
4/11/2022 15:00:45.854,0.0,0.0,1.0515712281065748,0.0,0.0,0.0,0.18110783291393687,0.7301006655523848,-0.40877880607126965,1.136316032294498,1.0177242374109587,1.0515712281065748,11536,1,0,1.0515712281065748,-1.0515712281065746,21
4/11/2022 15:00:45.866,0.0,0.0,1.0515712281065748,0.0,0.0,0.0,-0.013228746056321858,0.8083793129492106,-0.2067901328096786,1.1406981427113645,1.027970953739647,1.0515712281065748,11536,1,0,1.0515712281065748,-1.0515712281065746,21
4/11/2022 15:00:45.876,0.0,0.0,1.0515712281065748,0.0,0.0,0.0,0.18110783291393687,0.779132345789957,-0.2741196905635423,1.114405480210166,1.0399254561231166,1.0515712281065748,11536,1,0,1.0515712281065748,-1.0515712281065746,21
4/11/2022 15:00:45.886,0.0,0.0,1.0515712281065748,0.0,0.0,0.0,0.3754444118841956,0.6733271410667748,-0.5434379215789971,1.1100233697932995,1.051879958506586,1.0515712281065748,11536,1,0,1.0515712281065748,-1.0515712281065746,21
4/11/2022 15:00:45.896,0.0,0.0,1.0515712281065748,0.0,0.0,0.0,0.3754444118841956,0.6707465263174289,-0.5434379215789971,1.0968770385427005,1.0638344608900558,1.0515712281065748,11536,1,0,1.0515712281065748,-1.0515712281065746,21
4/11/2022 15:00:45.907,0.0,0.0,1.0515712281065748,0.0,0.0,0.0,-0.2075653250265806,0.7404231245497684,-0.40877880607126965,1.180137136463162,1.0757889632735254,1.0515712281065748,11536,1,0,1.0515712281065748,-1.0515712281065746,21
4/11/2022 15:00:45.917,0.0,0.0,1.0515712281065748,0.0,0.0,0.0,0.18110783291393687,0.680208780398364,-0.5434379215789971,1.092494928125834,1.0894512517117763,1.0515712281065748,11536,1,0,1.0515712281065748,-1.0515712281065746,21
4/11/2022 15:00:45.928,0.0,0.0,1.0515712281065748,0.0,0.0,0.0,-0.013228746056321858,0.8092395178656593,-0.2067901328096786,1.1187875906270324,1.1014057540952458,1.0515712281065748,11536,1,0,1.0515712281065748,-1.0515712281065746,21
4/11/2022 15:00:45.937,0.0,0.0,1.0515712281065748,0.0,0.0,0.0,0.3754444118841956,0.7782721408735084,-0.2741196905635423,1.0618201552077693,1.1116524704239341,1.0515712281065748,11536,1,0,1.0515712281065748,-1.0515712281065746,21
4/11/2022 15:00:45.948,0.0,0.0,1.0515712281065748,0.0,0.0,0.0,0.5697809908544543,0.5907474690877058,-0.7454265948405882,1.0618201552077693,1.1236069728074036,1.0515712281065748,11536,1,0,1.0515712281065748,-1.0515712281065746,21
4/11/2022 15:00:45.958,0.0,0.0,1.0515712281065748,0.0,0.0,0.0,0.18110783291393687,0.5873066494219114,-0.7454265948405882,1.1494623635450973,1.1355614751908734,1.0515712281065748,11536,1,0,1.0515712281065748,-1.0515712281065746,21
4/11/2022 15:00:45.968,0.0,0.0,1.0515712281065748,0.0,0.0,0.0,0.18110783291393687,0.8376262801084643,-0.1394605750558149,1.1056412593764333,1.1475159775743429,1.0515712281065748,11536,1,0,1.0515712281065748,-1.0515712281065746,21
4/11/2022 15:00:45.978,0.0,0.0,1.0515712281065748,0.0,0.0,0.0,0.5697809908544543,0.6647250919022886,-0.5434379215789971,1.0662022656246357,1.1594704799578124,1.0515712281065748,11536,1,0,1.0515712281065748,-1.0515712281065746,21
4/11/2022 15:00:45.99,0.0,0.0,1.0515712281065748,0.0,0.0,0.0,0.3754444118841956,0.661284272236494,-0.5434379215789971,1.1056412593764333,1.1697171962865007,1.0515712281065748,11536,1,0,1.0515712281065748,-1.0515712281065746,21
4/11/2022 15:00:46,0.0,0.0,1.0515712281065748,0.0,0.0,0.0,0.18110783291393687,0.6174138214976136,-0.6780970370867244,1.136316032294498,1.1816716986699702,1.0515712281065748,11536,1,0,1.0515712281065748,-1.0515712281065746,21
4/11/2022 15:00:46.01,0.0,0.0,1.0515712281065748,0.0,0.0,0.0,0.18110783291393687,0.8247232063617347,-0.2067901328096786,1.0837307072921012,1.1936262010534398,1.0515712281065748,11536,1,0,1.0515712281065748,-1.0515712281065746,21
4/11/2022 15:00:46.02,0.0,0.0,1.0515712281065748,0.0,0.0,0.0,0.18110783291393687,0.7842935752886488,-0.2741196905635423,1.101259148959567,1.203872917382128,1.0515712281065748,11536,1,0,1.0515712281065748,-1.0515712281065746,21
4/11/2022 15:00:46.031,0.0,0.0,1.0515712281065748,0.0,0.0,0.0,0.18110783291393687,0.8943998045940743,-0.004801459548087519,1.0705843760415021,1.217535205820379,1.0515712281065748,11536,1,0,1.0515712281065748,-1.0515712281065746,21
4/11/2022 15:00:46.042,0.0,0.0,1.0515712281065748,0.0,0.0,0.0,0.5697809908544543,0.6285964854114459,-0.6107674793328608,1.0311453822897045,1.2294897082038485,1.0515712281065748,11536,1,0,1.0515712281065748,-1.0515712281065746,21
4/11/2022 15:00:46.051,0.0,0.0,1.0515712281065748,0.0,0.0,0.0,0.18110783291393687,0.6655852968187371,-0.5434379215789971,1.114405480210166,1.2414442105873182,1.0515712281065748,11536,1,0,1.0515712281065748,-1.0515712281065746,21
4/11/2022 15:00:46.061,0.0,0.0,1.0515712281065748,0.0,0.0,0.0,0.5697809908544543,0.6062311575837813,-0.6780970370867244,1.0618201552077693,1.2516909269160064,1.0515712281065748,11536,1,0,1.0515712281065748,-1.0515712281065746,21
4/11/2022 15:00:46.071,0.0,0.0,1.0515712281065748,0.0,0.0,0.0,0.3754444118841956,0.668165911568083,-0.5434379215789971,1.0705843760415021,1.2636454292994759,1.0515712281065748,11536,1,0,1.0515712281065748,-1.0515712281065746,21
4/11/2022 15:00:46.082,0.0,0.0,1.0515712281065748,0.0,0.0,0.0,-0.013228746056321858,0.7275200508030389,-0.40877880607126965,1.145080253128231,1.2755999316829456,1.0515712281065748,11536,1,0,1.0515712281065748,-1.0515712281065746,21
4/11/2022 15:00:46.092,0.0,0.0,1.0515712281065748,0.0,0.0,0.0,-0.013228746056321858,0.8505293538551938,-0.1394605750558149,1.0881128177089676,1.2858466480116337,1.0515712281065748,11536,1,0,1.0515712281065748,-1.0515712281065746,21
4/11/2022 15:00:46.103,0.0,0.0,1.0515712281065748,0.0,0.0,0.0,0.18110783291393687,0.6690261164845317,-0.5434379215789971,1.123169701043899,1.2995089364498846,1.0515712281065748,11536,1,0,1.0515712281065748,-1.0515712281065746,21
4/11/2022 15:00:46.113,0.0,0.0,1.0515712281065748,0.0,0.0,0.0,-0.40190190399683934,0.8591314030196802,-0.1394605750558149,1.1538444739619638,1.309755652778573,1.0515712281065748,11536,1,0,1.0515712281065748,-1.0515712281065746,21
4/11/2022 15:00:46.124,0.0,0.0,1.0515712281065748,0.0,0.0,0.0,-0.013228746056321858,0.7240792311372444,-0.40877880607126965,1.0442917135403036,1.3217101551620425,1.0515712281065748,11536,1,0,1.0515712281065748,-1.0515712281065746,21
4/11/2022 15:00:46.134,0.0,0.0,1.0515712281065748,0.0,0.0,0.0,-0.40190190399683934,0.5769841904245276,-0.7454265948405882,1.0399096031234372,1.333664657545512,1.0515712281065748,11536,1,0,1.0515712281065748,-1.0515712281065746,21
4/11/2022 15:00:46.148,0.0,0.0,1.0515712281065748,0.0,0.0,0.0,-0.596238482967098,0.5288127151034041,-0.8800857103483155,1.0442917135403036,1.3439113738742003,1.0515712281065748,11536,1,0,1.0515712281065748,-1.0515712281065746,21
4/11/2022 15:00:46.157,0.0,0.0,1.0515712281065748,0.0,0.0,0.0,-0.596238482967098,0.5735433707587332,-0.7454265948405882,0.9741779468704413,1.3575736623124512,1.0515712281065748,11536,1,0,1.0515712281065748,-1.0515712281065746,21
4/11/2022 15:00:46.168,0.0,0.0,1.0515712281065748,0.0,0.0,0.0,-0.9849116409076155,0.7834333703722002,-0.2741196905635423,0.9303568427017773,1.3678203786411394,1.0515712281065748,11536,1,0,1.0515712281065748,-1.0515712281065746,21
4/11/2022 15:00:46.18,0.0,0.0,1.0515712281065748,0.0,0.0,0.0,-0.9849116409076155,0.5881668543383599,-0.7454265948405882,0.9215926218680446,1.379774881024609,1.0515712281065748,11536,1,0,1.0515712281065748,-1.0515712281065746,21
4/11/2022 15:00:46.188,0.0,0.0,1.0515712281065748,0.0,0.0,0.0,-1.5679213778183918,0.6113923870824731,-0.6780970370867244,0.9566495052029758,1.3866060252437344,1.0515712281065748,11536,1,0,1.0515712281065748,-1.0515712281065746,21
4/11/2022 15:00:46.2,0.0,0.0,1.0515712281065748,0.0,0.0,0.0,-1.5679213778183918,0.5485974281817227,-0.8127561525944519,0.8865357385331134,1.3985605276272042,1.0515712281065748,11536,1,0,1.0515712281065748,-1.0515712281065746,21
4/11/2022 15:00:46.209,0.0,0.0,1.0515712281065748,0.0,0.0,0.0,-1.373584798848133,0.734401690134628,-0.40877880607126965,0.8339504135307166,1.4036838857915481,1.0515712281065748,11536,1,0,1.0515712281065748,-1.0515712281065746,21
4/11/2022 15:00:46.22,0.0,0.0,1.0515712281065748,0.0,0.0,0.0,-2.150931114729168,0.6311771001607918,-0.6107674793328608,0.8996820697837126,1.4156383881750179,1.0515712281065748,11536,1,0,1.0515712281065748,-1.0515712281065746,21
4/11/2022 15:00:46.23,0.0,0.0,1.0515712281065748,0.0,0.0,0.0,-1.7622579567886505,0.5133290266073287,-0.8800857103483155,0.7769829781114536,1.4241773184489246,1.0515712281065748,11536,1,0,1.0515712281065748,-1.0515712281065746,21
4/11/2022 15:00:46.242,0.0,0.0,1.0515712281065748,0.0,0.0,0.0,-2.3452676936994266,0.5116086167744314,-0.8800857103483155,0.8383325239475831,1.4327162487228315,1.0515712281065748,11536,1,0,1.0515712281065748,-1.0515712281065746,21
4/11/2022 15:00:46.251,0.0,0.0,1.0515712281065748,0.0,0.0,0.0,-2.3452676936994266,0.595048493669949,-0.7454265948405882,0.7024871010247248,1.4395473929419569,1.0515712281065748,11536,1,0,1.0515712281065748,-1.0515712281065746,21
4/11/2022 15:00:46.261,0.0,0.0,1.0515712281065748,0.0,0.0,0.0,-2.733940851639944,0.5675219363435927,-0.8127561525944519,0.7287797635259231,1.4480863232158638,1.0515712281065748,11536,1,0,1.0515712281065748,-1.0515712281065746,21
4/11/2022 15:00:46.272,0.0,0.0,1.0515712281065748,0.0,0.0,0.0,-2.5396042726696852,0.5649413215942468,-0.8127561525944519,0.6674302176897936,1.4566252534897706,1.0515712281065748,11536,1,0,1.0515712281065748,-1.0515712281065746,21
4/11/2022 15:00:46.282,0.0,0.0,1.0515712281065748,0.0,0.0,0.0,-2.733940851639944,0.53139332985275,-0.8800857103483155,0.7200155426921904,1.4634563977088961,1.0515712281065748,11536,1,0,1.0515712281065748,-1.0515712281065746,21
4/11/2022 15:00:46.293,0.0,0.0,1.0515712281065748,0.0,0.0,0.0,-2.5396042726696852,0.5382749691843391,-0.8800857103483155,0.6542838864391944,1.4702875419280217,1.0515712281065748,11536,1,0,1.0515712281065748,-1.0515712281065746,21
4/11/2022 15:00:46.302,0.0,0.0,1.0515712281065748,0.0,0.0,0.0,-2.733940851639944,0.5898872641712573,-0.7454265948405882,0.7024871010247248,1.477118686147147,1.0515712281065748,11536,1,0,1.0515712281065748,-1.0515712281065746,21
4/11/2022 15:00:46.312,0.0,0.0,1.0515712281065748,0.0,0.0,0.0,-2.928277430610203,0.5933280838370518,-0.7454265948405882,0.7550724260271215,1.4839498303662726,1.0515712281065748,11536,1,0,1.0515712281065748,-1.0515712281065746,21
4/11/2022 15:00:46.323,0.0,0.0,1.0515712281065748,0.0,0.0,0.0,-2.5396042726696852,0.5546188625968632,-0.8127561525944519,0.6455196656054616,1.490780974585398,1.0515712281065748,11536,1,0,1.0515712281065748,-1.0515712281065746,21
4/11/2022 15:00:46.333,0.0,0.0,1.0515712281065748,0.0,0.0,0.0,-2.928277430610203,0.5606402970120036,-0.8127561525944519,0.7024871010247248,1.4993199048593049,1.0515712281065748,11536,1,0,1.0515712281065748,-1.0515712281065746,21
4/11/2022 15:00:46.345,0.0,0.0,1.0515712281065748,0.0,0.0,0.0,-2.5396042726696852,0.3920401333880711,-1.216733499117634,0.6981049906078584,1.5078588351332116,1.0515712281065748,11536,1,0,1.0515712281065748,-1.0515712281065746,21
4/11/2022 15:00:46.356,0.0,0.0,1.0515712281065748,0.0,0.0,0.0,-3.1226140095804618,0.30860025649255346,-1.3513926146253614,0.8208040822801175,1.5146899793523372,1.0515712281065748,11536,1,0,1.0515712281065748,-1.0515712281065746,21
4/11/2022 15:00:46.367,0.0,0.0,1.0515712281065748,0.0,0.0,0.0,-3.1226140095804618,0.2784930844168512,-1.4187221723792252,0.7682187572777207,1.5232289096262441,1.0515712281065748,11536,1,0,1.0515712281065748,-1.0515712281065746,21
4/11/2022 15:00:46.376,0.0,0.0,1.0515712281065748,0.0,0.0,0.0,-3.3169505885507204,0.28193390408264574,-1.4187221723792252,0.7769829781114536,1.5317678399001509,1.0515712281065748,11536,1,0,1.0515712281065748,-1.0515712281065746,21
4/11/2022 15:00:46.386,0.0,0.0,1.0515712281065748,0.0,0.0,0.0,-3.511287167520979,0.2466655025082517,-1.4860517301330887,0.7901293093620527,1.5403067701740578,1.0515712281065748,11536,1,0,1.0515712281065748,-1.0515712281065746,21
4/11/2022 15:00:46.398,0.0,0.0,1.0515712281065748,0.0,0.0,0.0,-3.705623746491238,0.2079562812680631,-1.6207108456408161,0.8032756406126519,1.5488457004479645,1.0515712281065748,11536,1,0,1.0515712281065748,-1.0515712281065746,21
4/11/2022 15:00:46.408,0.0,0.0,1.0515712281065748,0.0,0.0,0.0,-3.511287167520979,0.17268787969366903,-1.6880404033946799,0.7638366468608543,1.5573846307218715,1.0515712281065748,11536,1,0,1.0515712281065748,-1.0515712281065746,21
4/11/2022 15:00:46.417,0.0,0.0,1.0515712281065748,0.0,0.0,0.0,-0.013228746056321858,0.12193578962319955,-1.8226995189024073,0.8558609656150487,1.5659235609957782,1.0515712281065748,11536,1,0,1.0515712281065748,-1.0515712281065746,21
4/11/2022 15:00:46.428,0.0,0.0,1.0515712281065748,0.0,0.0,0.0,-0.013228746056321858,0.11849496995740501,-1.8226995189024073,0.7726008676945871,1.5744624912696852,1.0515712281065748,11536,1,0,1.0515712281065748,-1.0515712281065746,21
4/11/2022 15:00:46.439,0.0,0.0,1.0515712281065748,0.0,0.0,0.0,-0.013228746056321858,0.14602152728376133,-1.7553699611485436,0.7813650885283199,1.5812936354888105,1.0515712281065748,11536,1,0,1.0515712281065748,-1.0515712281065746,21
4/11/2022 15:00:46.449,0.0,0.0,1.0515712281065748,0.0,0.0,0.0,-0.013228746056321858,0.13139804370413455,-1.7553699611485436,0.7550724260271215,1.5898325657627175,1.0515712281065748,11536,1,0,1.0515712281065748,-1.0515712281065746,21
4/11/2022 15:00:46.459,0.0,0.0,1.0515712281065748,0.0,0.0,0.0,-0.013228746056321858,0.11763476504095637,-1.8226995189024073,0.8032756406126519,1.5983714960366242,1.0515712281065748,11536,1,0,1.0515712281065748,-1.0515712281065746,21
4/11/2022 15:00:46.469,0.0,0.0,1.0515712281065748,0.0,0.0,0.0,-0.013228746056321858,0.11763476504095637,-1.8226995189024073,0.7112513218584576,1.6052026402557498,1.0515712281065748,11536,1,0,1.0515712281065748,-1.0515712281065746,21
4/11/2022 15:00:46.479,0.0,0.0,1.0515712281065748,0.0,0.0,0.0,-0.013228746056321858,0.15634398628114496,-1.7553699611485436,0.7506903156102551,1.6137415705296565,1.0515712281065748,11536,1,0,1.0515712281065748,-1.0515712281065746,21
4/11/2022 15:00:46.49,0.0,0.0,1.0515712281065748,0.0,0.0,0.0,-0.013228746056321858,0.18903177310619312,-1.6207108456408161,0.7068692114415912,1.6222805008035635,1.0515712281065748,11536,1,0,1.0515712281065748,-1.0515712281065746,21
4/11/2022 15:00:46.501,0.0,0.0,1.0515712281065748,0.0,0.0,0.0,-3.511287167520979,0.23548283859441943,-1.5533812878869524,0.6805765489403928,1.629111645022689,1.0515712281065748,11536,1,0,1.0515712281065748,-1.0515712281065746,21
4/11/2022 15:00:46.51,0.0,0.0,1.0515712281065748,0.0,0.0,0.0,-3.511287167520979,0.26731042050301895,-1.4860517301330887,0.6630481072729272,1.6359427892418144,1.0515712281065748,11536,1,0,1.0515712281065748,-1.0515712281065746,21
4/11/2022 15:00:46.522,0.0,0.0,1.0515712281065748,0.0,0.0,0.0,-3.511287167520979,0.32494414990507753,-1.3513926146253614,0.6849586593572592,1.64277393346094,1.0515712281065748,11536,1,0,1.0515712281065748,-1.0515712281065746,21
4/11/2022 15:00:51.586,0.0,0.0,-0.950957931590205,0.0,0.0,0.0,-2.928277430610203,-0.32106974234784774,-1.0820743836099067,-0.3185446261051454,1.6598517940087536,-0.950957931590205,11536,0,1,-0.950957931590205,0.950957931590205,21
4/11/2022 15:00:51.597,0.0,0.0,-0.950957931590205,0.0,0.0,0.0,-0.013228746056321858,-0.9541805608540435,0.331846329221231,-0.5551785886159308,1.6547284358444094,-0.950957931590205,11536,0,1,-0.950957931590205,0.950957931590205,21
4/11/2022 15:00:51.607,0.0,0.0,-0.950957931590205,0.0,0.0,0.0,-0.013228746056321858,-1.250091052112374,1.005141906759868,-0.4500079386111373,1.6547284358444094,-0.950957931590205,11536,0,1,-0.950957931590205,0.950957931590205,21
4/11/2022 15:00:51.617,0.0,0.0,-0.950957931590205,0.0,0.0,0.0,-3.3169505885507204,-1.2001991669583532,0.9378123490060042,-0.2309024177678175,1.6513128637348466,-0.950957931590205,11536,0,1,-0.950957931590205,0.950957931590205,21
4/11/2022 15:00:51.628,0.0,0.0,-0.950957931590205,0.0,0.0,0.0,-2.928277430610203,-1.5072923221305161,1.611107926544641,-0.3229267365220118,1.6478972916252839,-0.950957931590205,11536,0,1,-0.950957931590205,0.950957931590205,21
4/11/2022 15:00:51.638,0.0,0.0,-0.950957931590205,0.0,0.0,0.0,-3.1226140095804618,-1.907287608279132,2.553721735098733,-0.41933316569307255,1.64277393346094,-0.950957931590205,11536,0,1,-0.950957931590205,0.950957931590205,21
4/11/2022 15:00:51.649,0.0,0.0,-0.950957931590205,0.0,0.0,0.0,-1.9565945357589092,-1.0720286344075065,0.6011645602366857,-0.41056894485933976,1.6376505752965957,-0.950957931590205,11536,0,1,-0.950957931590205,0.950957931590205,21
4/11/2022 15:00:51.659,0.0,0.0,-0.950957931590205,0.0,0.0,0.0,-2.733940851639944,-1.9528784688509095,2.6210512928525964,-0.47191849069546926,1.6325272171322516,-0.950957931590205,11536,0,1,-0.950957931590205,0.950957931590205,21
4/11/2022 15:00:51.669,0.0,0.0,-0.950957931590205,0.0,0.0,0.0,-2.150931114729168,-1.7954609691408092,2.284403504083278,-0.4543900490280037,1.629111645022689,-0.950957931590205,11536,0,1,-0.950957931590205,0.950957931590205,21
4/11/2022 15:00:51.679,0.0,0.0,-0.950957931590205,0.0,0.0,0.0,-1.9565945357589092,-2.09739289481428,2.957699081621915,-0.4763006011123357,1.6222805008035635,-0.950957931590205,11536,0,1,-0.950957931590205,0.950957931590205,21
4/11/2022 15:00:51.69,0.0,0.0,-0.950957931590205,0.0,0.0,0.0,-1.5679213778183918,-1.8556753132922137,2.4190626195910054,-0.4938290427798013,1.6171571426392193,-0.950957931590205,11536,0,1,-0.950957931590205,0.950957931590205,21
4/11/2022 15:00:51.701,0.0,0.0,-0.950957931590205,0.0,0.0,0.0,-2.150931114729168,-2.5791076480255164,4.102301563437598,-0.5989996927845949,1.610325998420094,-0.950957931590205,11536,0,1,-0.950957931590205,0.950957931590205,21
4/11/2022 15:00:51.711,0.0,0.0,-0.950957931590205,0.0,0.0,0.0,-1.1792482198778742,-2.1343817062215718,3.0923581971296423,-0.6033818032014612,1.6052026402557498,-0.950957931590205,11536,0,1,-0.950957931590205,0.950957931590205,21
4/11/2022 15:00:51.721,0.0,0.0,-0.950957931590205,0.0,0.0,0.0,-0.2075653250265806,-1.7730956413131447,2.2170739463294145,-0.6209102448689268,1.5983714960366242,-0.950957931590205,11536,0,1,-0.950957931590205,0.950957931590205,21
4/11/2022 15:00:51.731,0.0,0.0,-0.950957931590205,0.0,0.0,0.0,-1.1792482198778742,-2.4431952712266316,3.765653774668279,-0.7041703427893883,1.5898325657627175,-0.950957931590205,11536,0,1,-0.950957931590205,0.950957931590205,21
4/11/2022 15:00:51.741,0.0,0.0,-0.950957931590205,0.0,0.0,0.0,-0.596238482967098,-1.8745998214540838,2.486392177344869,-0.8137231032110482,1.5812936354888105,-0.950957931590205,11536,0,1,-0.950957931590205,0.950957931590205,21
4/11/2022 15:00:51.752,0.0,0.0,-0.950957931590205,0.0,0.0,0.0,0.18110783291393687,-1.535679084373321,1.6784374842985048,-0.7874304407098498,1.5744624912696852,-0.950957931590205,11536,0,1,-0.950957931590205,0.950957931590205,21
4/11/2022 15:00:51.762,0.0,0.0,-0.950957931590205,0.0,0.0,0.0,-0.2075653250265806,-1.5700872810312665,1.7457670420523685,-0.9276579740495745,1.5642157749409968,-0.950957931590205,11536,0,1,-0.950957931590205,0.950957931590205,21
4/11/2022 15:00:51.772,0.0,0.0,-0.950957931590205,0.0,0.0,0.0,0.3754444118841956,-1.179554248963586,0.8704827912521405,-0.8969832011315098,1.55567684466709,-0.950957931590205,11536,0,1,-0.950957931590205,0.950957931590205,21
4/11/2022 15:00:51.782,0.0,0.0,-0.950957931590205,0.0,0.0,0.0,0.5697809908544543,-1.040201052498907,0.533835002482822,-0.9495685261339065,1.5454301283384018,-0.950957931590205,11536,0,1,-0.950957931590205,0.950957931590205,21
4/11/2022 15:00:51.793,0.0,0.0,-0.950957931590205,0.0,0.0,0.0,0.5697809908544543,-1.1313827736424624,0.7358236757444131,-0.8969832011315098,1.5334756259549323,-0.950957931590205,11536,0,1,-0.950957931590205,0.950957931590205,21
4/11/2022 15:00:51.804,0.0,0.0,-0.950957931590205,0.0,0.0,0.0,0.3754444118841956,-1.0006316263422699,0.46650544472895833,-0.9933896303025704,1.5232289096262441,-0.950957931590205,11536,0,1,-0.950957931590205,0.950957931590205,21
4/11/2022 15:00:51.813,0.0,0.0,-0.950957931590205,0.0,0.0,0.0,0.7641175698247131,-0.8096661348906727,-0.004801459548087519,-0.9977717407194369,1.5129821932975558,-0.950957931590205,11536,0,1,-0.950957931590205,0.950957931590205,21
4/11/2022 15:00:51.823,0.0,0.0,-0.950957931590205,0.0,0.0,0.0,0.5697809908544543,-0.7511722005721656,-0.1394605750558149,-1.0153001823869023,1.5010276909140863,-0.950957931590205,11536,0,1,-0.950957931590205,0.950957931590205,21
4/11/2022 15:00:51.835,0.0,0.0,-0.950957931590205,0.0,0.0,0.0,0.18110783291393687,-0.8483753561308613,0.12985765595963986,-1.1029423907242304,1.4890731885306165,-0.950957931590205,11536,0,1,-0.950957931590205,0.950957931590205,21
4/11/2022 15:00:51.845,0.0,0.0,-0.950957931590205,0.0,0.0,0.0,0.18110783291393687,-0.9602019952691839,0.39917588697509465,-1.0678855073892992,1.477118686147147,-0.950957931590205,11536,0,1,-0.950957931590205,0.950957931590205,21
4/11/2022 15:00:51.854,0.0,0.0,-0.950957931590205,0.0,0.0,0.0,0.3754444118841956,-0.8199885938880564,0.06252809820577618,-1.0415928448881009,1.466871969818459,-0.950957931590205,11536,0,1,-0.950957931590205,0.950957931590205,21
4/11/2022 15:00:51.866,0.0,0.0,-0.950957931590205,0.0,0.0,0.0,0.18110783291393687,-0.7916018316452514,-0.004801459548087519,-1.0635033969724328,1.4549174674349892,-0.950957931590205,11536,0,1,-0.950957931590205,0.950957931590205,21
4/11/2022 15:00:51.876,0.0,0.0,-0.950957931590205,0.0,0.0,0.0,0.3754444118841956,-0.6900976515043125,-0.2741196905635423,-1.0547391761387,1.444670751106301,-0.950957931590205,11536,0,1,-0.950957931590205,0.950957931590205,21
4/11/2022 15:00:51.886,0.0,0.0,-0.950957931590205,0.0,0.0,0.0,0.5697809908544543,-0.6023567500265516,-0.4761083638251334,-1.0635033969724328,1.434424034777613,-0.950957931590205,11536,0,1,-0.950957931590205,0.950957931590205,21
4/11/2022 15:00:51.897,0.0,0.0,-0.950957931590205,0.0,0.0,0.0,0.3754444118841956,-0.6100985942745893,-0.40877880607126965,-1.0459749553049673,1.4207617463393618,-0.950957931590205,11536,0,1,-0.950957931590205,0.950957931590205,21
4/11/2022 15:00:51.907,0.0,0.0,-0.950957931590205,0.0,0.0,0.0,0.18110783291393687,-0.9137509297809576,0.26451677146736724,-1.0153001823869023,1.4088072439558923,-0.950957931590205,11536,0,1,-0.950957931590205,0.950957931590205,21
4/11/2022 15:00:51.918,0.0,0.0,-0.950957931590205,0.0,0.0,0.0,0.5697809908544543,-0.7348283071596415,-0.1394605750558149,-1.0065359615531697,1.3968527415724228,-0.950957931590205,11536,0,1,-0.950957931590205,0.950957931590205,21
4/11/2022 15:00:51.929,0.0,0.0,-0.950957931590205,0.0,0.0,0.0,-0.013228746056321858,-0.9782662985146052,0.39917588697509465,-1.0591212865555664,1.384898239188953,-0.950957931590205,11536,0,1,-0.950957931590205,0.950957931590205,21
4/11/2022 15:00:51.939,0.0,0.0,-0.950957931590205,0.0,0.0,0.0,0.18110783291393687,-0.7442905612405765,-0.1394605750558149,-1.0678855073892992,1.374651522860265,-0.950957931590205,11536,0,1,-0.950957931590205,0.950957931590205,21
4/11/2022 15:00:51.95,0.0,0.0,-0.950957931590205,0.0,0.0,0.0,0.3754444118841956,-0.7288068727445011,-0.1394605750558149,-1.0196822928037688,1.3626970204767954,-0.950957931590205,11536,0,1,-0.950957931590205,0.950957931590205,21
4/11/2022 15:00:51.96,0.0,0.0,-0.950957931590205,0.0,0.0,0.0,0.18110783291393687,-0.6470874056818807,-0.341449248317406,-1.0897960594736311,1.352450304148107,-0.950957931590205,11536,0,1,-0.950957931590205,0.950957931590205,21
4/11/2022 15:00:51.97,0.0,0.0,-0.950957931590205,0.0,0.0,0.0,0.3754444118841956,-0.601496545110103,-0.4761083638251334,-1.0854139490567647,1.3404958017646376,-0.950957931590205,11536,0,1,-0.950957931590205,0.950957931590205,21
4/11/2022 15:00:51.98,0.0,0.0,-0.950957931590205,0.0,0.0,0.0,-0.013228746056321858,-0.7580538399037546,-0.0721310173019512,-1.0854139490567647,1.3302490854359492,-0.950957931590205,11536,0,1,-0.950957931590205,0.950957931590205,21
4/11/2022 15:00:51.99,0.0,0.0,-0.950957931590205,0.0,0.0,0.0,-0.013228746056321858,-0.7021405203345934,-0.2067901328096786,-1.0897960594736311,1.3182945830524797,-0.950957931590205,11536,0,1,-0.950957931590205,0.950957931590205,21
4/11/2022 15:00:52.001,0.0,0.0,-0.950957931590205,0.0,0.0,0.0,0.18110783291393687,-0.6341843319351511,-0.40877880607126965,-1.0854139490567647,1.3046322946142288,-0.950957931590205,11536,0,1,-0.950957931590205,0.950957931590205,21
4/11/2022 15:00:52.011,0.0,0.0,-0.950957931590205,0.0,0.0,0.0,0.5697809908544543,-0.6247220778542162,-0.40877880607126965,-1.0021538511363033,1.2943855782855407,-0.950957931590205,11536,0,1,-0.950957931590205,0.950957931590205,21
4/11/2022 15:00:52.022,0.0,0.0,-0.950957931590205,0.0,0.0,0.0,-0.013228746056321858,-0.7735375283998301,-0.0721310173019512,-1.0897960594736311,1.282431075902071,-0.950957931590205,11536,0,1,-0.950957931590205,0.950957931590205,21
4/11/2022 15:00:52.032,0.0,0.0,-0.950957931590205,0.0,0.0,0.0,-0.013228746056321858,-0.8199885938880564,0.06252809820577618,-1.0591212865555664,1.2721843595733828,-0.950957931590205,11536,0,1,-0.950957931590205,0.950957931590205,21
4/11/2022 15:00:52.043,0.0,0.0,-0.950957931590205,0.0,0.0,0.0,0.18110783291393687,-0.7890212168959055,-0.004801459548087519,-1.0196822928037688,1.260229857189913,-0.950957931590205,11536,0,1,-0.950957931590205,0.950957931590205,21
4/11/2022 15:00:52.052,0.0,0.0,-0.950957931590205,0.0,0.0,0.0,0.18110783291393687,-0.6281628975200106,-0.40877880607126965,-1.0547391761387,1.249983140861225,-0.950957931590205,11536,0,1,-0.950957931590205,0.950957931590205,21
4/11/2022 15:00:52.062,0.0,0.0,-0.950957931590205,0.0,0.0,0.0,0.3754444118841956,-0.6470874056818807,-0.341449248317406,-1.032828624054368,1.2397364245325369,-0.950957931590205,11536,0,1,-0.950957931590205,0.950957931590205,21
4/11/2022 15:00:52.074,0.0,0.0,-0.950957931590205,0.0,0.0,0.0,0.3754444118841956,-0.7270864629116037,-0.1394605750558149,-0.989007519885704,1.2260741360942857,-0.950957931590205,11536,0,1,-0.950957931590205,0.950957931590205,21
4/11/2022 15:00:52.083,0.0,0.0,-0.950957931590205,0.0,0.0,0.0,0.18110783291393687,-0.6599904794286102,-0.341449248317406,-1.0415928448881009,1.2141196337108162,-0.950957931590205,11536,0,1,-0.950957931590205,0.950957931590205,21
4/11/2022 15:00:52.093,0.0,0.0,-0.950957931590205,0.0,0.0,0.0,0.18110783291393687,-0.4836484715566399,-0.7454265948405882,-1.0941781698904975,1.203872917382128,-0.950957931590205,11536,0,1,-0.950957931590205,0.950957931590205,21
4/11/2022 15:00:52.104,0.0,0.0,-0.950957931590205,0.0,0.0,0.0,0.18110783291393687,-0.6617108892615075,-0.341449248317406,-1.0547391761387,1.1919184149986584,-0.950957931590205,11536,0,1,-0.950957931590205,0.950957931590205,21
4/11/2022 15:00:52.116,0.0,0.0,-0.950957931590205,0.0,0.0,0.0,0.18110783291393687,-0.6995599055852474,-0.2067901328096786,-1.0196822928037688,1.1782561265604075,-0.950957931590205,11536,0,1,-0.950957931590205,0.950957931590205,21
4/11/2022 15:00:52.126,0.0,0.0,-0.950957931590205,0.0,0.0,0.0,0.3754444118841956,-0.5042933895514071,-0.6780970370867244,-1.0372107344712345,1.1680094102317193,-0.950957931590205,11536,0,1,-0.950957931590205,0.950957931590205,21
4/11/2022 15:00:52.136,0.0,0.0,-0.950957931590205,0.0,0.0,0.0,0.3754444118841956,-0.6402057663502916,-0.341449248317406,-1.0196822928037688,1.1560549078482496,-0.950957931590205,11536,0,1,-0.950957931590205,0.950957931590205,21
4/11/2022 15:00:52.146,0.0,0.0,-0.950957931590205,0.0,0.0,0.0,0.18110783291393687,-0.6006363401936543,-0.4761083638251334,-1.0284465136375016,1.1458081915195615,-0.950957931590205,11536,0,1,-0.950957931590205,0.950957931590205,21
4/11/2022 15:00:52.157,0.0,0.0,-0.950957931590205,0.0,0.0,0.0,-0.2075653250265806,-0.7614946595695492,-0.0721310173019512,-1.1117066115579632,1.1355614751908734,-0.950957931590205,11536,0,1,-0.950957931590205,0.950957931590205,21
4/11/2022 15:00:52.166,0.0,0.0,-0.950957931590205,0.0,0.0,0.0,-0.2075653250265806,-0.9722448640994648,0.39917588697509465,-1.032828624054368,1.1236069728074036,-0.950957931590205,11536,0,1,-0.950957931590205,0.950957931590205,21
4/11/2022 15:00:52.177,0.0,0.0,-0.950957931590205,0.0,0.0,0.0,0.18110783291393687,-0.6169802336061784,-0.40877880607126965,-1.032828624054368,1.1133602564787155,-0.950957931590205,11536,0,1,-0.950957931590205,0.950957931590205,21
4/11/2022 15:00:52.187,0.0,0.0,-0.950957931590205,0.0,0.0,0.0,0.18110783291393687,-0.6393455614338429,-0.341449248317406,-1.032828624054368,1.1014057540952458,-0.950957931590205,11536,0,1,-0.950957931590205,0.950957931590205,21
4/11/2022 15:00:52.198,0.0,0.0,-0.950957931590205,0.0,0.0,0.0,0.18110783291393687,-0.6075179795252434,-0.40877880607126965,-1.0284465136375016,1.0911590377665576,-0.950957931590205,11536,0,1,-0.950957931590205,0.950957931590205,21
4/11/2022 15:00:52.207,0.0,0.0,-0.950957931590205,0.0,0.0,0.0,-0.013228746056321858,-0.5550454796218767,-0.5434379215789971,-1.1029423907242304,1.0792045353830881,-0.950957931590205,11536,0,1,-0.950957931590205,0.950957931590205,21
4/11/2022 15:00:52.218,0.0,0.0,-0.950957931590205,0.0,0.0,0.0,-0.013228746056321858,-0.6075179795252434,-0.40877880607126965,-1.0941781698904975,1.0689578190543998,-0.950957931590205,11536,0,1,-0.950957931590205,0.950957931590205,21
4/11/2022 15:00:52.229,0.0,0.0,-0.950957931590205,0.0,0.0,0.0,0.18110783291393687,-0.6531088400970211,-0.341449248317406,-1.0021538511363033,1.055295530616149,-0.950957931590205,11536,0,1,-0.950957931590205,0.950957931590205,21
4/11/2022 15:00:52.24,0.0,0.0,-0.950957931590205,0.0,0.0,0.0,-0.013228746056321858,-0.665151708927302,-0.2741196905635423,-1.0722676178061656,1.0450488142874608,-0.950957931590205,11536,0,1,-0.950957931590205,0.950957931590205,21
4/11/2022 15:00:52.25,0.0,0.0,-0.950957931590205,0.0,0.0,0.0,-0.013228746056321858,-0.6341843319351511,-0.40877880607126965,-1.098560280307364,1.033094311903991,-0.950957931590205,11536,0,1,-0.950957931590205,0.950957931590205,21
4/11/2022 15:00:52.26,0.0,0.0,-0.950957931590205,0.0,0.0,0.0,-0.2075653250265806,-0.9318152330263789,0.331846329221231,-1.1204708323916959,1.022847595575303,-0.950957931590205,11536,0,1,-0.950957931590205,0.950957931590205,21
4/11/2022 15:00:52.27,0.0,0.0,-0.950957931590205,0.0,0.0,0.0,-0.013228746056321858,-0.5980557254443084,-0.4761083638251334,-1.032828624054368,1.0108930931918334,-0.950957931590205,11536,0,1,-0.950957931590205,0.950957931590205,21
4/11/2022 15:00:52.28,0.0,0.0,-0.950957931590205,0.0,0.0,0.0,0.18110783291393687,-0.7227854383293606,-0.2067901328096786,-0.9977717407194369,1.000646376863145,-0.950957931590205,11536,0,1,-0.950957931590205,0.950957931590205,21
4/11/2022 15:00:52.294,0.0,0.0,-0.950957931590205,0.0,0.0,0.0,-0.013228746056321858,-0.7511722005721656,-0.1394605750558149,-1.0284465136375016,0.9869840884248942,-0.950957931590205,11536,0,1,-0.950957931590205,0.950957931590205,21
4/11/2022 15:00:52.304,0.0,0.0,-0.950957931590205,0.0,0.0,0.0,-0.013228746056321858,-0.7511722005721656,-0.1394605750558149,-1.0284465136375016,0.9750295860414245,-0.950957931590205,11536,0,1,-0.950957931590205,0.950957931590205,21
4/11/2022 15:00:52.316,0.0,0.0,-0.950957931590205,0.0,0.0,0.0,-0.2075653250265806,-0.4638637584783213,-0.7454265948405882,-1.1292350532254287,0.9613672976031736,-0.950957931590205,11536,0,1,-0.950957931590205,0.950957931590205,21
4/11/2022 15:00:52.326,0.0,0.0,-0.950957931590205,0.0,0.0,0.0,-0.596238482967098,-0.7571936349873061,-0.0721310173019512,-1.1511456053097606,0.9511205812744854,-0.950957931590205,11536,0,1,-0.950957931590205,0.950957931590205,21
4/11/2022 15:00:52.336,0.0,0.0,-0.950957931590205,0.0,0.0,0.0,-0.013228746056321858,-0.6668721187601993,-0.2741196905635423,-1.0109180719700361,0.9391660788910158,-0.950957931590205,11536,0,1,-0.950957931590205,0.950957931590205,21
4/11/2022 15:00:52.346,0.0,0.0,-0.950957931590205,0.0,0.0,0.0,0.18110783291393687,-0.6247220778542162,-0.40877880607126965,-1.0196822928037688,0.9272115765075463,-0.950957931590205,11536,0,1,-0.950957931590205,0.950957931590205,21
4/11/2022 15:00:52.357,0.0,0.0,-0.950957931590205,0.0,0.0,0.0,-0.013228746056321858,-0.4113912585749545,-0.8800857103483155,-1.1511456053097606,0.916964860178858,-0.950957931590205,11536,0,1,-0.950957931590205,0.950957931590205,21
4/11/2022 15:00:52.367,0.0,0.0,-0.950957931590205,0.0,0.0,0.0,-0.013228746056321858,-0.6118190041074866,-0.40877880607126965,-1.0372107344712345,0.9050103577953884,-0.950957931590205,11536,0,1,-0.950957931590205,0.950957931590205,21
4/11/2022 15:00:52.377,0.0,0.0,-0.950957931590205,0.0,0.0,0.0,-0.013228746056321858,-0.535260766543558,-0.6107674793328608,-1.0722676178061656,0.8947636414667002,-0.950957931590205,11536,0,1,-0.950957931590205,0.950957931590205,21
4/11/2022 15:00:52.387,0.0,0.0,-0.950957931590205,0.0,0.0,0.0,-0.013228746056321858,-0.7081619547497338,-0.2067901328096786,-1.0109180719700361,0.8845169251380121,-0.950957931590205,11536,0,1,-0.950957931590205,0.950957931590205,21
4/11/2022 15:00:52.398,0.0,0.0,-0.950957931590205,0.0,0.0,0.0,-0.2075653250265806,-0.6892374465878638,-0.2741196905635423,-1.076649728223032,0.8725624227545424,-0.950957931590205,11536,0,1,-0.950957931590205,0.950957931590205,21
4/11/2022 15:00:52.409,0.0,0.0,-0.950957931590205,0.0,0.0,0.0,-0.013228746056321858,-0.5103148239665476,-0.6780970370867244,-1.0810318386398985,0.8589001343162914,-0.950957931590205,11536,0,1,-0.950957931590205,0.950957931590205,21
4/11/2022 15:00:52.42,0.0,0.0,-0.950957931590205,0.0,0.0,0.0,-0.40190190399683934,-0.4965515453033695,-0.6780970370867244,-1.155527715726627,0.8486534179876033,-0.950957931590205,11536,0,1,-0.950957931590205,0.950957931590205,21
4/11/2022 15:00:52.428,0.0,0.0,-0.950957931590205,0.0,0.0,0.0,-0.2075653250265806,-0.5963353156114112,-0.4761083638251334,-1.0547391761387,0.8384067016589151,-0.950957931590205,11536,0,1,-0.950957931590205,0.950957931590205,21
4/11/2022 15:00:52.44,0.0,0.0,-0.950957931590205,0.0,0.0,0.0,0.3754444118841956,-0.6049373647758975,-0.4761083638251334,-0.9846254094688377,0.8264521992754454,-0.950957931590205,11536,0,1,-0.950957931590205,0.950957931590205,21
4/11/2022 15:00:52.45,0.0,0.0,-0.950957931590205,0.0,0.0,0.0,0.18110783291393687,-0.535260766543558,-0.6107674793328608,-1.0415928448881009,0.8144976968919758,-0.950957931590205,11536,0,1,-0.950957931590205,0.950957931590205,21
4/11/2022 15:00:52.46,0.0,0.0,-0.950957931590205,0.0,0.0,0.0,0.18110783291393687,-0.5214974878803799,-0.6107674793328608,-1.0021538511363033,0.8042509805632877,-0.950957931590205,11536,0,1,-0.950957931590205,0.950957931590205,21
4/11/2022 15:00:52.471,0.0,0.0,-0.950957931590205,0.0,0.0,0.0,-0.2075653250265806,-0.6290231024364593,-0.40877880607126965,-1.0547391761387,0.7940042642345995,-0.950957931590205,11536,0,1,-0.950957931590205,0.950957931590205,21
4/11/2022 15:00:52.481,0.0,0.0,-0.950957931590205,0.0,0.0,0.0,0.18110783291393687,-0.6316037171858052,-0.40877880607126965,-1.0196822928037688,0.7820497618511298,-0.950957931590205,11536,0,1,-0.950957931590205,0.950957931590205,21
4/11/2022 15:00:52.491,0.0,0.0,-0.950957931590205,0.0,0.0,0.0,-0.2075653250265806,-0.6238618729377675,-0.40877880607126965,-1.0897960594736311,0.7718030455224416,-0.950957931590205,11536,0,1,-0.950957931590205,0.950957931590205,21
4/11/2022 15:00:52.502,0.0,0.0,-0.950957931590205,0.0,0.0,0.0,-0.2075653250265806,-0.6883772416714152,-0.2741196905635423,-1.0459749553049673,0.7598485431389721,-0.950957931590205,11536,0,1,-0.950957931590205,0.950957931590205,21
4/11/2022 15:00:52.512,0.0,0.0,-0.950957931590205,0.0,0.0,0.0,-0.2075653250265806,-0.6866568318385179,-0.2741196905635423,-1.0459749553049673,0.7496018268102839,-0.950957931590205,11536,0,1,-0.950957931590205,0.950957931590205,21
4/11/2022 15:00:52.523,0.0,0.0,-0.950957931590205,0.0,0.0,0.0,-0.2075653250265806,-0.719344618663566,-0.2067901328096786,-1.0415928448881009,0.7359395383720329,-0.950957931590205,11536,0,1,-0.950957931590205,0.950957931590205,21
4/11/2022 15:00:52.533,0.0,0.0,-0.950957931590205,0.0,0.0,0.0,-0.013228746056321858,-0.5507444550396335,-0.5434379215789971,-1.0722676178061656,0.7256928220433447,-0.950957931590205,11536,0,1,-0.950957931590205,0.950957931590205,21
4/11/2022 15:00:52.542,0.0,0.0,-0.950957931590205,0.0,0.0,0.0,-0.013228746056321858,-0.5085944141336504,-0.6780970370867244,-1.0547391761387,0.7154461057146565,-0.950957931590205,11536,0,1,-0.950957931590205,0.950957931590205,21
4/11/2022 15:00:52.554,0.0,0.0,-0.950957931590205,0.0,0.0,0.0,-0.2075653250265806,-0.6359047417680485,-0.341449248317406,-1.076649728223032,0.7051993893859683,-0.950957931590205,11536,0,1,-0.950957931590205,0.950957931590205,21
4/11/2022 15:00:52.563,0.0,0.0,-0.950957931590205,0.0,0.0,0.0,-0.40190190399683934,-0.6832160121727233,-0.2741196905635423,-1.1073245011410968,0.69495267305728,-0.950957931590205,11536,0,1,-0.950957931590205,0.950957931590205,21
4/11/2022 15:00:52.573,0.0,0.0,-0.950957931590205,0.0,0.0,0.0,-0.013228746056321858,-0.795042651311046,-0.004801459548087519,-0.9758611886351048,0.6847059567285918,-0.950957931590205,11536,0,1,-0.950957931590205,0.950957931590205,21
4/11/2022 15:00:52.584,0.0,0.0,-0.950957931590205,0.0,0.0,0.0,-0.013228746056321858,-0.5516046599560821,-0.5434379215789971,-1.0897960594736311,0.6710436682903409,-0.950957931590205,11536,0,1,-0.950957931590205,0.950957931590205,21
4/11/2022 15:00:52.595,0.0,0.0,-0.950957931590205,0.0,0.0,0.0,-0.2075653250265806,-0.6333241270187026,-0.40877880607126965,-1.0897960594736311,0.6590891659068713,-0.950957931590205,11536,0,1,-0.950957931590205,0.950957931590205,21
4/11/2022 15:00:52.604,0.0,0.0,-0.950957931590205,0.0,0.0,0.0,-0.013228746056321858,-0.592034291029168,-0.4761083638251334,-1.0591212865555664,0.648842449578183,-0.950957931590205,11536,0,1,-0.950957931590205,0.950957931590205,21
4/11/2022 15:00:52.615,0.0,0.0,-0.950957931590205,0.0,0.0,0.0,-0.013228746056321858,-0.6006363401936543,-0.4761083638251334,-1.0547391761387,0.6385957332494948,-0.950957931590205,11536,0,1,-0.950957931590205,0.950957931590205,21
4/11/2022 15:00:52.627,0.0,0.0,-0.950957931590205,0.0,0.0,0.0,0.18110783291393687,-0.7348283071596415,-0.1394605750558149,-0.9933896303025704,0.6283490169208067,-0.950957931590205,11536,0,1,-0.950957931590205,0.950957931590205,21
4/11/2022 15:00:52.637,0.0,0.0,-0.950957931590205,0.0,0.0,0.0,-0.2075653250265806,-0.7829997824807651,-0.004801459548087519,-1.0547391761387,0.6163945145373371,-0.950957931590205,11536,0,1,-0.950957931590205,0.950957931590205,21
4/11/2022 15:00:52.646,0.0,0.0,-0.950957931590205,0.0,0.0,0.0,-0.2075653250265806,-0.8526763807131046,0.12985765595963986,-1.0284465136375016,0.6061477982086488,-0.950957931590205,11536,0,1,-0.950957931590205,0.950957931590205,21
4/11/2022 15:00:52.658,0.0,0.0,-0.950957931590205,0.0,0.0,0.0,0.18110783291393687,-0.5696689632015035,-0.5434379215789971,-1.0372107344712345,0.5924855097703979,-0.950957931590205,11536,0,1,-0.950957931590205,0.950957931590205,21
4/11/2022 15:00:52.667,0.0,0.0,-0.950957931590205,0.0,0.0,0.0,-0.013228746056321858,-0.6049373647758975,-0.4761083638251334,-1.0240644032206352,0.5839465794964911,-0.950957931590205,11536,0,1,-0.950957931590205,0.950957931590205,21
4/11/2022 15:00:52.678,0.0,0.0,-0.950957931590205,0.0,0.0,0.0,-0.40190190399683934,-0.8672998642927313,0.12985765595963986,-1.076649728223032,0.5719920771130215,-0.950957931590205,11536,0,1,-0.950957931590205,0.950957931590205,21
4/11/2022 15:00:52.688,0.0,0.0,-0.950957931590205,0.0,0.0,0.0,-0.40190190399683934,-1.0341796180837666,0.533835002482822,-1.0109180719700361,0.5600375747295518,-0.950957931590205,11536,0,1,-0.950957931590205,0.950957931590205,21
4/11/2022 15:00:52.698,0.0,0.0,-0.950957931590205,0.0,0.0,0.0,-0.013228746056321858,-0.5928944959456166,-0.4761083638251334,-1.0109180719700361,0.5497908584008636,-0.950957931590205,11536,0,1,-0.950957931590205,0.950957931590205,21
4/11/2022 15:00:52.709,0.0,0.0,-0.950957931590205,0.0,0.0,0.0,0.18110783291393687,-0.7141833891648742,-0.2067901328096786,-0.9846254094688377,0.5395441420721755,-0.950957931590205,11536,0,1,-0.950957931590205,0.950957931590205,21
4/11/2022 15:00:52.719,0.0,0.0,-0.950957931590205,0.0,0.0,0.0,0.18110783291393687,-0.6049373647758975,-0.4761083638251334,-0.9933896303025704,0.5275896396887059,-0.950957931590205,11536,0,1,-0.950957931590205,0.950957931590205,21
4/11/2022 15:00:52.729,0.0,0.0,-0.950957931590205,0.0,0.0,0.0,0.18110783291393687,-0.6075179795252434,-0.40877880607126965,-1.032828624054368,0.5173429233600176,-0.950957931590205,11536,0,1,-0.950957931590205,0.950957931590205,21
4/11/2022 15:00:52.74,0.0,0.0,-0.950957931590205,0.0,0.0,0.0,-0.2075653250265806,-0.5722495779508494,-0.5434379215789971,-1.098560280307364,0.505388420976548,-0.950957931590205,11536,0,1,-0.950957931590205,0.950957931590205,21
4/11/2022 15:00:52.749,0.0,0.0,-0.950957931590205,0.0,0.0,0.0,0.18110783291393687,-0.5567658894547739,-0.5434379215789971,-1.0240644032206352,0.49514170464785984,-0.950957931590205,11536,0,1,-0.950957931590205,0.950957931590205,21
4/11/2022 15:00:52.76,0.0,0.0,-0.950957931590205,0.0,0.0,0.0,-0.013228746056321858,-0.6152598237732811,-0.40877880607126965,-1.0503570657218335,0.48489498831917166,-0.950957931590205,11536,0,1,-0.950957931590205,0.950957931590205,21
4/11/2022 15:00:52.771,0.0,0.0,-0.950957931590205,0.0,0.0,0.0,0.18110783291393687,-0.5799914221988871,-0.4761083638251334,-1.0153001823869023,0.4712326998809207,-0.950957931590205,11536,0,1,-0.950957931590205,0.950957931590205,21
4/11/2022 15:00:52.781,0.0,0.0,-0.950957931590205,0.0,0.0,0.0,0.18110783291393687,-0.4896699059717804,-0.6780970370867244,-1.0415928448881009,0.46098598355223247,-0.950957931590205,11536,0,1,-0.950957931590205,0.950957931590205,21
4/11/2022 15:00:52.792,0.0,0.0,-0.950957931590205,0.0,0.0,0.0,-0.013228746056321858,-0.6032169549430002,-0.4761083638251334,-1.0153001823869023,0.45073926722354424,-0.950957931590205,11536,0,1,-0.950957931590205,0.950957931590205,21
4/11/2022 15:00:52.802,0.0,0.0,-0.950957931590205,0.0,0.0,0.0,0.18110783291393687,-0.629883307352908,-0.40877880607126965,-1.0065359615531697,0.43878476484007467,-0.950957931590205,11536,0,1,-0.950957931590205,0.950957931590205,21
4/11/2022 15:00:52.811,0.0,0.0,-0.950957931590205,0.0,0.0,0.0,-0.013228746056321858,-0.6427863810996375,-0.341449248317406,-1.0415928448881009,0.42853804851138644,-0.950957931590205,11536,0,1,-0.950957931590205,0.950957931590205,21
4/11/2022 15:00:52.822,0.0,0.0,-0.950957931590205,0.0,0.0,0.0,0.18110783291393687,-0.6238618729377675,-0.40877880607126965,-1.032828624054368,0.4199991182374796,-0.950957931590205,11536,0,1,-0.950957931590205,0.950957931590205,21
4/11/2022 15:00:52.832,0.0,0.0,-0.950957931590205,0.0,0.0,0.0,0.18110783291393687,-0.592034291029168,-0.4761083638251334,-1.0153001823869023,0.4046290437444473,-0.950957931590205,11536,0,1,-0.950957931590205,0.950957931590205,21
4/11/2022 15:00:52.843,0.0,0.0,-0.950957931590205,0.0,0.0,0.0,0.18110783291393687,-0.5481638402902876,-0.5434379215789971,-1.0021538511363033,0.39438232741575907,-0.950957931590205,11536,0,1,-0.950957931590205,0.950957931590205,21
4/11/2022 15:00:52.853,0.0,0.0,-0.950957931590205,0.0,0.0,0.0,-0.2075653250265806,-0.6470874056818807,-0.341449248317406,-1.0678855073892992,0.38413561108707084,-0.950957931590205,11536,0,1,-0.950957931590205,0.950957931590205,21
4/11/2022 15:00:52.863,0.0,0.0,-0.950957931590205,0.0,0.0,0.0,-0.013228746056321858,-0.7804191677314192,-0.0721310173019512,-1.0109180719700361,0.37218110870360127,-0.950957931590205,11536,0,1,-0.950957931590205,0.950957931590205,21
4/11/2022 15:00:52.873,0.0,0.0,-0.950957931590205,0.0,0.0,0.0,-0.013228746056321858,-0.617840438522627,-0.40877880607126965,-1.076649728223032,0.36193439237491304,-0.950957931590205,11536,0,1,-0.950957931590205,0.950957931590205,21
4/11/2022 15:00:52.884,0.0,0.0,-0.950957931590205,0.0,0.0,0.0,-0.2075653250265806,-0.6608506843450589,-0.341449248317406,-1.0635033969724328,0.35168767604622486,-0.950957931590205,11536,0,1,-0.950957931590205,0.950957931590205,21
4/11/2022 15:00:52.894,0.0,0.0,-0.950957931590205,0.0,0.0,0.0,-0.2075653250265806,-0.6642915040108534,-0.2741196905635423,-1.0547391761387,0.3397331736627553,-0.950957931590205,11536,0,1,-0.950957931590205,0.950957931590205,21
4/11/2022 15:00:52.905,0.0,0.0,-0.950957931590205,0.0,0.0,0.0,-0.013228746056321858,-0.6857966269220692,-0.2741196905635423,-1.0284465136375016,0.32948645733406706,-0.950957931590205,11536,0,1,-0.950957931590205,0.950957931590205,21
4/11/2022 15:00:52.916,0.0,0.0,-0.950957931590205,0.0,0.0,0.0,0.18110783291393687,-0.563647528786363,-0.5434379215789971,-1.0547391761387,0.3158241688958161,-0.950957931590205,11536,0,1,-0.950957931590205,0.950957931590205,21
4/11/2022 15:00:52.925,0.0,0.0,-0.950957931590205,0.0,0.0,0.0,0.18110783291393687,-0.6926782662536584,-0.2741196905635423,-0.9846254094688377,0.3089930246766906,-0.950957931590205,11536,0,1,-0.950957931590205,0.950957931590205,21
4/11/2022 15:00:52.936,0.0,0.0,-0.950957931590205,0.0,0.0,0.0,-0.40190190399683934,-0.7821395775643164,-0.004801459548087519,-1.0722676178061656,0.2936229501836583,-0.950957931590205,11536,0,1,-0.950957931590205,0.950957931590205,21
4/11/2022 15:00:52.946,0.0,0.0,-0.950957931590205,0.0,0.0,0.0,-0.2075653250265806,-0.648807815514778,-0.341449248317406,-1.0372107344712345,0.28337623385497007,-0.950957931590205,11536,0,1,-0.950957931590205,0.950957931590205,21
4/11/2022 15:00:52.957,0.0,0.0,-0.950957931590205,0.0,0.0,0.0,0.18110783291393687,-0.6359047417680485,-0.341449248317406,-0.9933896303025704,0.2731295175262819,-0.950957931590205,11536,0,1,-0.950957931590205,0.950957931590205,21
4/11/2022 15:00:52.968,0.0,0.0,-0.950957931590205,0.0,0.0,0.0,-0.013228746056321858,-0.5326801517942121,-0.6107674793328608,-1.0941781698904975,0.25946722908803094,-0.950957931590205,11536,0,1,-0.950957931590205,0.950957931590205,21
4/11/2022 15:00:52.979,0.0,0.0,-0.950957931590205,0.0,0.0,0.0,-0.2075653250265806,-0.7546130202379601,-0.0721310173019512,-1.0415928448881009,0.2492205127593427,-0.950957931590205,11536,0,1,-0.950957931590205,0.950957931590205,21
4/11/2022 15:00:52.989,0.0,0.0,-0.950957931590205,0.0,0.0,0.0,-0.2075653250265806,-0.7683762989011382,-0.0721310173019512,-1.0284465136375016,0.23726601037587314,-0.950957931590205,11536,0,1,-0.950957931590205,0.950957931590205,21
4/11/2022 15:00:52.999,0.0,0.0,-0.950957931590205,0.0,0.0,0.0,-0.013228746056321858,-0.6453669958489834,-0.341449248317406,-1.0196822928037688,0.2270192940471849,-0.950957931590205,11536,0,1,-0.950957931590205,0.950957931590205,21
4/11/2022 15:00:53.009,0.0,0.0,-0.950957931590205,0.0,0.0,0.0,-0.013228746056321858,-0.6316037171858052,-0.40877880607126965,-1.0240644032206352,0.21506479166371534,-0.950957931590205,11536,0,1,-0.950957931590205,0.950957931590205,21
4/11/2022 15:00:53.019,0.0,0.0,-0.950957931590205,0.0,0.0,0.0,-0.013228746056321858,-0.47418621747570494,-0.7454265948405882,-1.0678855073892992,0.2048180753350271,-0.950957931590205,11536,0,1,-0.950957931590205,0.950957931590205,21
4/11/2022 15:00:53.029,0.0,0.0,-0.950957931590205,0.0,0.0,0.0,-0.013228746056321858,-0.573109782867298,-0.5434379215789971,-1.0196822928037688,0.19286357295155754,-0.950957931590205,11536,0,1,-0.950957931590205,0.950957931590205,21
4/11/2022 15:00:53.04,0.0,0.0,-0.950957931590205,0.0,0.0,0.0,-0.013228746056321858,-0.5645077337028117,-0.5434379215789971,-1.0284465136375016,0.1826168566228693,-0.950957931590205,11536,0,1,-0.950957931590205,0.950957931590205,21
4/11/2022 15:00:53.05,0.0,0.0,-0.950957931590205,0.0,0.0,0.0,-0.013228746056321858,-0.6161200286897298,-0.40877880607126965,-1.0240644032206352,0.1723701402941811,-0.950957931590205,11536,0,1,-0.950957931590205,0.950957931590205,21
4/11/2022 15:00:53.061,0.0,0.0,-0.950957931590205,0.0,0.0,0.0,0.18110783291393687,-0.6281628975200106,-0.40877880607126965,-1.0109180719700361,0.15870785185593014,-0.950957931590205,11536,0,1,-0.950957931590205,0.950957931590205,21
4/11/2022 15:00:53.072,0.0,0.0,-0.950957931590205,0.0,0.0,0.0,-0.2075653250265806,-0.40536982415981404,-0.8800857103483155,-1.1423813844760278,0.14846113552724194,-0.950957931590205,11536,0,1,-0.950957931590205,0.950957931590205,21
4/11/2022 15:00:53.082,0.0,0.0,-0.950957931590205,0.0,0.0,0.0,-0.013228746056321858,-0.6264424876871134,-0.40877880607126965,-1.0109180719700361,0.1382144191985537,-0.950957931590205,11536,0,1,-0.950957931590205,0.950957931590205,21
4/11/2022 15:00:53.092,0.0,0.0,-0.950957931590205,0.0,0.0,0.0,-0.2075653250265806,-0.6470874056818807,-0.341449248317406,-1.0547391761387,0.12625991681508414,-0.950957931590205,11536,0,1,-0.950957931590205,0.950957931590205,21
4/11/2022 15:00:53.102,0.0,0.0,-0.950957931590205,0.0,0.0,0.0,-0.013228746056321858,-0.7141833891648742,-0.2067901328096786,-1.0109180719700361,0.11601320048639592,-0.950957931590205,11536,0,1,-0.950957931590205,0.950957931590205,21
4/11/2022 15:00:53.114,0.0,0.0,-0.950957931590205,0.0,0.0,0.0,-0.013228746056321858,-0.7167640039142201,-0.2067901328096786,-0.9933896303025704,0.10405869810292634,-0.950957931590205,11536,0,1,-0.950957931590205,0.950957931590205,21
4/11/2022 15:00:53.123,0.0,0.0,-0.950957931590205,0.0,0.0,0.0,-0.2075653250265806,-0.648807815514778,-0.341449248317406,-1.0591212865555664,0.09381198177423812,-0.950957931590205,11536,0,1,-0.950957931590205,0.950957931590205,21
4/11/2022 15:00:53.134,0.0,0.0,-0.950957931590205,0.0,0.0,0.0,0.18110783291393687,-0.6230016680213188,-0.40877880607126965,-0.9627148573845057,0.08185747939076854,-0.950957931590205,11536,0,1,-0.950957931590205,0.950957931590205,21
4/11/2022 15:00:53.144,0.0,0.0,-0.950957931590205,0.0,0.0,0.0,-0.2075653250265806,-0.7606344546531005,-0.0721310173019512,-1.032828624054368,0.07161076306208032,-0.950957931590205,11536,0,1,-0.950957931590205,0.950957931590205,21
4/11/2022 15:00:53.154,0.0,0.0,-0.950957931590205,0.0,0.0,0.0,-0.013228746056321858,-0.5722495779508494,-0.5434379215789971,-1.0635033969724328,0.05965626067861074,-0.950957931590205,11536,0,1,-0.950957931590205,0.950957931590205,21
4/11/2022 15:00:53.164,0.0,0.0,-0.950957931590205,0.0,0.0,0.0,-0.013228746056321858,-0.6943986760865556,-0.2067901328096786,-1.0415928448881009,0.04940954434992253,-0.950957931590205,11536,0,1,-0.950957931590205,0.950957931590205,21
4/11/2022 15:00:53.174,0.0,0.0,-0.950957931590205,0.0,0.0,0.0,-0.596238482967098,-0.7718171185669328,-0.0721310173019512,-1.0854139490567647,0.03745504196645295,-0.950957931590205,11536,0,1,-0.950957931590205,0.950957931590205,21
4/11/2022 15:00:53.187,0.0,0.0,-0.950957931590205,0.0,0.0,0.0,-0.40190190399683934,-0.6926782662536584,-0.2741196905635423,-1.0459749553049673,0.02720832563776473,-0.950957931590205,11536,0,1,-0.950957931590205,0.950957931590205,21
4/11/2022 15:00:53.196,0.0,0.0,-0.950957931590205,0.0,0.0,0.0,-0.013228746056321858,-0.766655889068241,-0.0721310173019512,-0.9802432990519713,0.016961609309076513,-0.950957931590205,11536,0,1,-0.950957931590205,0.950957931590205,21
4/11/2022 15:00:53.206,0.0,0.0,-0.950957931590205,0.0,0.0,0.0,-0.013228746056321858,-0.6763343728411343,-0.2741196905635423,-1.0153001823869023,0.005007106925606931,-0.950957931590205,11536,0,1,-0.950957931590205,0.950957931590205,21
4/11/2022 15:00:53.217,0.0,0.0,-0.950957931590205,0.0,0.0,0.0,0.18110783291393687,-0.5533250697889794,-0.5434379215789971,-1.0196822928037688,-0.005239609403081283,-0.950957931590205,11536,0,1,-0.950957931590205,0.950957931590205,21
4/11/2022 15:00:53.227,0.0,0.0,-0.950957931590205,0.0,0.0,0.0,-0.2075653250265806,-0.6092383893581407,-0.40877880607126965,-1.0591212865555664,-0.017194111786550868,-0.950957931590205,11536,0,1,-0.950957931590205,0.950957931590205,21
4/11/2022 15:00:53.237,0.0,0.0,-0.950957931590205,0.0,0.0,0.0,-0.013228746056321858,-0.7589140448202033,-0.0721310173019512,-1.0065359615531697,-0.027440828115239083,-0.950957931590205,11536,0,1,-0.950957931590205,0.950957931590205,21
4/11/2022 15:00:53.248,0.0,0.0,-0.950957931590205,0.0,0.0,0.0,-0.013228746056321858,-0.7537528153215115,-0.0721310173019512,-0.9846254094688377,-0.039395330498708664,-0.950957931590205,11536,0,1,-0.950957931590205,0.950957931590205,21
4/11/2022 15:00:53.257,0.0,0.0,-0.950957931590205,0.0,0.0,0.0,-0.2075653250265806,-0.8260100283031968,0.06252809820577618,-0.9933896303025704,-0.049642046827396875,-0.950957931590205,11536,0,1,-0.950957931590205,0.950957931590205,21
4/11/2022 15:00:53.268,0.0,0.0,-0.950957931590205,0.0,0.0,0.0,-0.2075653250265806,-0.8010640857261865,-0.004801459548087519,-1.0240644032206352,-0.059888763156085094,-0.950957931590205,11536,0,1,-0.950957931590205,0.950957931590205,21
4/11/2022 15:00:53.278,0.0,0.0,-0.950957931590205,0.0,0.0,0.0,-0.013228746056321858,-0.8251498233867482,0.06252809820577618,-0.9846254094688377,-0.0701354794847733,-0.950957931590205,11536,0,1,-0.950957931590205,0.950957931590205,21
4/11/2022 15:00:53.289,0.0,0.0,-0.950957931590205,0.0,0.0,0.0,-0.013228746056321858,-0.6281628975200106,-0.40877880607126965,-1.0153001823869023,-0.08208998186824289,-0.950957931590205,11536,0,1,-0.950957931590205,0.950957931590205,21
4/11/2022 15:00:53.299,0.0,0.0,-0.950957931590205,0.0,0.0,0.0,0.18110783291393687,-0.6694527335095452,-0.2741196905635423,-1.0065359615531697,-0.0923366981969311,-0.950957931590205,11536,0,1,-0.950957931590205,0.950957931590205,21
4/11/2022 15:00:53.309,0.0,0.0,-0.950957931590205,0.0,0.0,0.0,0.18110783291393687,-0.5679485533686062,-0.5434379215789971,-1.0196822928037688,-0.10258341452561932,-0.950957931590205,11536,0,1,-0.950957931590205,0.950957931590205,21
4/11/2022 15:00:53.32,0.0,0.0,-0.950957931590205,0.0,0.0,0.0,0.18110783291393687,-0.6100985942745893,-0.40877880607126965,-1.0065359615531697,-0.11624570296387027,-0.950957931590205,11536,0,1,-0.950957931590205,0.950957931590205,21
4/11/2022 15:00:53.33,0.0,0.0,-0.950957931590205,0.0,0.0,0.0,-0.013228746056321858,-0.7735375283998301,-0.0721310173019512,-0.9758611886351048,-0.1264924192925585,-0.950957931590205,11536,0,1,-0.950957931590205,0.950957931590205,21
4/11/2022 15:00:53.342,0.0,0.0,-0.950957931590205,0.0,0.0,0.0,0.18110783291393687,-0.5662281435357089,-0.5434379215789971,-1.0109180719700361,-0.13844692167602807,-0.950957931590205,11536,0,1,-0.950957931590205,0.950957931590205,21
4/11/2022 15:00:53.352,0.0,0.0,-0.950957931590205,0.0,0.0,0.0,0.18110783291393687,-0.6161200286897298,-0.40877880607126965,-1.032828624054368,-0.14869363800471627,-0.950957931590205,11536,0,1,-0.950957931590205,0.950957931590205,21
4/11/2022 15:00:53.361,0.0,0.0,-0.950957931590205,0.0,0.0,0.0,-0.2075653250265806,-0.629883307352908,-0.40877880607126965,-1.076649728223032,-0.16064814038818587,-0.950957931590205,11536,0,1,-0.950957931590205,0.950957931590205,21
4/11/2022 15:00:53.372,0.0,0.0,-0.950957931590205,0.0,0.0,0.0,-0.013228746056321858,-0.589453676279822,-0.4761083638251334,-1.0109180719700361,-0.17089485671687407,-0.950957931590205,11536,0,1,-0.950957931590205,0.950957931590205,21
4/11/2022 15:00:53.382,0.0,0.0,-0.950957931590205,0.0,0.0,0.0,-0.013228746056321858,-0.6221414631048703,-0.40877880607126965,-1.0372107344712345,-0.1811415730455623,-0.950957931590205,11536,0,1,-0.950957931590205,0.950957931590205,21
4/11/2022 15:00:53.392,0.0,0.0,-0.950957931590205,0.0,0.0,0.0,0.18110783291393687,-0.7606344546531005,-0.0721310173019512,-0.989007519885704,-0.1913882893742505,-0.950957931590205,11536,0,1,-0.950957931590205,0.950957931590205,21
4/11/2022 15:00:53.402,0.0,0.0,-0.950957931590205,0.0,0.0,0.0,-0.2075653250265806,-0.7331078973267442,-0.1394605750558149,-1.0678855073892992,-0.2033427917577201,-0.950957931590205,11536,0,1,-0.950957931590205,0.950957931590205,21
4/11/2022 15:00:53.413,0.0,0.0,-0.950957931590205,0.0,0.0,0.0,-0.013228746056321858,-0.5954751106949625,-0.4761083638251334,-1.0196822928037688,-0.21700508019597103,-0.950957931590205,11536,0,1,-0.950957931590205,0.950957931590205,21
4/11/2022 15:00:53.424,0.0,0.0,-0.950957931590205,0.0,0.0,0.0,-0.013228746056321858,-0.5412822009586985,-0.6107674793328608,-1.0635033969724328,-0.22725179652465927,-0.950957931590205,11536,0,1,-0.950957931590205,0.950957931590205,21
4/11/2022 15:00:53.434,0.0,0.0,-0.950957931590205,0.0,0.0,0.0,0.18110783291393687,-0.5240781026297258,-0.6107674793328608,-0.9977717407194369,-0.23749851285334747,-0.950957931590205,11536,0,1,-0.950957931590205,0.950957931590205,21
4/11/2022 15:00:53.444,0.0,0.0,-0.950957931590205,0.0,0.0,0.0,-0.2075653250265806,-0.7399895366583333,-0.1394605750558149,-1.0810318386398985,-0.2477452291820357,-0.950957931590205,11536,0,1,-0.950957931590205,0.950957931590205,21
4/11/2022 15:00:53.454,0.0,0.0,-0.950957931590205,0.0,0.0,0.0,-0.40190190399683934,-0.9688040444336703,0.39917588697509465,-1.0459749553049673,-0.2596997315655053,-0.950957931590205,11536,0,1,-0.950957931590205,0.950957931590205,21
4/11/2022 15:00:53.466,0.0,0.0,-0.950957931590205,0.0,0.0,0.0,-0.2075653250265806,-0.6952588810030043,-0.2067901328096786,-1.0547391761387,-0.2699464478941935,-0.950957931590205,11536,0,1,-0.950957931590205,0.950957931590205,21
4/11/2022 15:00:53.475,0.0,0.0,-0.950957931590205,0.0,0.0,0.0,-0.2075653250265806,-0.7554732251544087,-0.0721310173019512,-1.0153001823869023,-0.2801931642228817,-0.950957931590205,11536,0,1,-0.950957931590205,0.950957931590205,21
4/11/2022 15:00:53.486,0.0,0.0,-0.950957931590205,0.0,0.0,0.0,0.18110783291393687,-0.5507444550396335,-0.5434379215789971,-1.0065359615531697,-0.2921476666063513,-0.950957931590205,11536,0,1,-0.950957931590205,0.950957931590205,21
4/11/2022 15:00:53.496,0.0,0.0,-0.950957931590205,0.0,0.0,0.0,-0.013228746056321858,-0.5860128566140276,-0.4761083638251334,-1.0635033969724328,-0.3023943829350395,-0.950957931590205,11536,0,1,-0.950957931590205,0.950957931590205,21
4/11/2022 15:00:53.507,0.0,0.0,-0.950957931590205,0.0,0.0,0.0,-0.2075653250265806,-0.5008525698856127,-0.6780970370867244,-1.1117066115579632,-0.3143488853185091,-0.950957931590205,11536,0,1,-0.950957931590205,0.950957931590205,21
4/11/2022 15:00:53.516,0.0,0.0,-0.950957931590205,0.0,0.0,0.0,-0.013228746056321858,-0.6126792090239352,-0.40877880607126965,-1.032828624054368,-0.3245956016471973,-0.950957931590205,11536,0,1,-0.950957931590205,0.950957931590205,21
4/11/2022 15:00:53.526,0.0,0.0,-0.950957931590205,0.0,0.0,0.0,-0.013228746056321858,-0.6728935531753397,-0.2741196905635423,-1.0153001823869023,-0.3365501040306669,-0.950957931590205,11536,0,1,-0.950957931590205,0.950957931590205,21
4/11/2022 15:00:53.537,0.0,0.0,-0.950957931590205,0.0,0.0,0.0,-0.013228746056321858,-0.610958799191038,-0.40877880607126965,-1.0240644032206352,-0.34850460641413644,-0.950957931590205,11536,0,1,-0.950957931590205,0.950957931590205,21
4/11/2022 15:00:53.548,0.0,0.0,-0.950957931590205,0.0,0.0,0.0,0.18110783291393687,-0.43719740606841356,-0.8127561525944519,-1.0547391761387,-0.3587513227428247,-0.950957931590205,11536,0,1,-0.950957931590205,0.950957931590205,21
4/11/2022 15:00:53.558,0.0,0.0,-0.950957931590205,0.0,0.0,0.0,-0.013228746056321858,-0.528379127211969,-0.6107674793328608,-1.032828624054368,-0.37070582512629424,-0.950957931590205,11536,0,1,-0.950957931590205,0.950957931590205,21
4/11/2022 15:00:53.568,0.0,0.0,-0.950957931590205,0.0,0.0,0.0,0.18110783291393687,-0.5085944141336504,-0.6780970370867244,-1.0415928448881009,-0.3809525414549825,-0.950957931590205,11536,0,1,-0.950957931590205,0.950957931590205,21
4/11/2022 15:00:53.58,0.0,0.0,-0.950957931590205,0.0,0.0,0.0,0.18110783291393687,-0.5817118320317843,-0.4761083638251334,-1.0153001823869023,-0.39461482989323343,-0.950957931590205,11536,0,1,-0.950957931590205,0.950957931590205,21
4/11/2022 15:00:53.589,0.0,0.0,-0.950957931590205,0.0,0.0,0.0,-0.013228746056321858,-0.4277351519874786,-0.8800857103483155,-1.098560280307364,-0.40486154622192166,-0.950957931590205,11536,0,1,-0.950957931590205,0.950957931590205,21
4/11/2022 15:00:53.6,0.0,0.0,-0.950957931590205,0.0,0.0,0.0,-0.40190190399683934,-0.6152598237732811,-0.40877880607126965,-1.1292350532254287,-0.41681604860539123,-0.950957931590205,11536,0,1,-0.950957931590205,0.950957931590205,21
4/11/2022 15:00:53.61,0.0,0.0,-0.950957931590205,0.0,0.0,0.0,-0.013228746056321858,-0.5911740861127194,-0.4761083638251334,-1.0547391761387,-0.42706276493407946,-0.950957931590205,11536,0,1,-0.950957931590205,0.950957931590205,21
4/11/2022 15:00:53.62,0.0,0.0,-0.950957931590205,0.0,0.0,0.0,-0.013228746056321858,-0.5619271189534658,-0.5434379215789971,-1.0415928448881009,-0.43730948126276764,-0.950957931590205,11536,0,1,-0.950957931590205,0.950957931590205,21
4/11/2022 15:00:53.63,0.0,0.0,-0.950957931590205,0.0,0.0,0.0,-0.013228746056321858,-0.7907416267288028,-0.004801459548087519,-0.9977717407194369,-0.44926398364623726,-0.950957931590205,11536,0,1,-0.950957931590205,0.950957931590205,21
4/11/2022 15:00:53.64,0.0,0.0,-0.950957931590205,0.0,0.0,0.0,-0.2075653250265806,-0.7873008070630083,-0.004801459548087519,-1.0153001823869023,-0.45951069997492544,-0.950957931590205,11536,0,1,-0.950957931590205,0.950957931590205,21
4/11/2022 15:00:53.651,0.0,0.0,-0.950957931590205,0.0,0.0,0.0,-0.2075653250265806,-0.7451507661570251,-0.1394605750558149,-1.0415928448881009,-0.4697574163036137,-0.950957931590205,11536,0,1,-0.950957931590205,0.950957931590205,21
4/11/2022 15:00:53.661,0.0,0.0,-0.950957931590205,0.0,0.0,0.0,-0.2075653250265806,-0.7537528153215115,-0.0721310173019512,-1.0021538511363033,-0.4800041326323019,-0.950957931590205,11536,0,1,-0.950957931590205,0.950957931590205,21
4/11/2022 15:00:53.671,0.0,0.0,-0.950957931590205,0.0,0.0,0.0,-0.013228746056321858,-0.5799914221988871,-0.4761083638251334,-1.0284465136375016,-0.4919586350157715,-0.950957931590205,11536,0,1,-0.950957931590205,0.950957931590205,21
4/11/2022 15:00:53.681,0.0,0.0,-0.950957931590205,0.0,0.0,0.0,-0.013228746056321858,-0.6143996188568325,-0.40877880607126965,-1.0240644032206352,-0.5022053513444596,-0.950957931590205,11536,0,1,-0.950957931590205,0.950957931590205,21
4/11/2022 15:00:53.692,0.0,0.0,-0.950957931590205,0.0,0.0,0.0,-0.013228746056321858,-0.6436465860160862,-0.341449248317406,-1.0459749553049673,-0.5141598537279293,-0.950957931590205,11536,0,1,-0.950957931590205,0.950957931590205,21
4/11/2022 15:00:53.703,0.0,0.0,-0.950957931590205,0.0,0.0,0.0,-0.2075653250265806,-0.6660119138437507,-0.2741196905635423,-1.0722676178061656,-0.5244065700566175,-0.950957931590205,11536,0,1,-0.950957931590205,0.950957931590205,21
4/11/2022 15:00:53.712,0.0,0.0,-0.950957931590205,0.0,0.0,0.0,-0.40190190399683934,-0.6419261761831888,-0.341449248317406,-1.1292350532254287,-0.5346532863853057,-0.950957931590205,11536,0,1,-0.950957931590205,0.950957931590205,21
4/11/2022 15:00:53.724,0.0,0.0,-0.950957931590205,0.0,0.0,0.0,0.18110783291393687,-0.46558416831121857,-0.7454265948405882,-1.0240644032206352,-0.5483155748235566,-0.950957931590205,11536,0,1,-0.950957931590205,0.950957931590205,21
4/11/2022 15:00:53.734,0.0,0.0,-0.950957931590205,0.0,0.0,0.0,-0.2075653250265806,-0.6470874056818807,-0.341449248317406,-1.0854139490567647,-0.5602700772070263,-0.950957931590205,11536,0,1,-0.950957931590205,0.950957931590205,21
4/11/2022 15:00:53.745,0.0,0.0,-0.950957931590205,0.0,0.0,0.0,-0.2075653250265806,-0.47332601255925627,-0.7454265948405882,-1.1029423907242304,-0.5705167935357145,-0.950957931590205,11536,0,1,-0.950957931590205,0.950957931590205,21
4/11/2022 15:00:53.756,0.0,0.0,-0.950957931590205,0.0,0.0,0.0,-0.013228746056321858,-0.7202048235800147,-0.2067901328096786,-0.9802432990519713,-0.582471295919184,-0.950957931590205,11536,0,1,-0.950957931590205,0.950957931590205,21
4/11/2022 15:00:53.767,0.0,0.0,-0.950957931590205,0.0,0.0,0.0,-0.013228746056321858,-0.5851526516975789,-0.4761083638251334,-1.0284465136375016,-0.5944257983026536,-0.950957931590205,11536,0,1,-0.950957931590205,0.950957931590205,21
4/11/2022 15:00:53.777,0.0,0.0,-0.950957931590205,0.0,0.0,0.0,0.18110783291393687,-0.5662281435357089,-0.5434379215789971,-1.0021538511363033,-0.6046725146313419,-0.950957931590205,11536,0,1,-0.950957931590205,0.950957931590205,21
4/11/2022 15:00:53.786,0.0,0.0,-0.950957931590205,0.0,0.0,0.0,-0.013228746056321858,-0.5971955205278598,-0.4761083638251334,-1.0547391761387,-0.6166270170148114,-0.950957931590205,11536,0,1,-0.950957931590205,0.950957931590205,21
4/11/2022 15:00:53.797,0.0,0.0,-0.950957931590205,0.0,0.0,0.0,-0.013228746056321858,-0.5361209714600067,-0.6107674793328608,-1.0635033969724328,-0.6268737333434996,-0.950957931590205,11536,0,1,-0.950957931590205,0.950957931590205,21
4/11/2022 15:00:53.808,0.0,0.0,-0.950957931590205,0.0,0.0,0.0,-0.013228746056321858,-0.563647528786363,-0.5434379215789971,-1.0459749553049673,-0.6371204496721878,-0.950957931590205,11536,0,1,-0.950957931590205,0.950957931590205,21
4/11/2022 15:00:53.818,0.0,0.0,-0.950957931590205,0.0,0.0,0.0,-0.013228746056321858,-0.7090221596661824,-0.2067901328096786,-1.0065359615531697,-0.6473671660008761,-0.950957931590205,11536,0,1,-0.950957931590205,0.950957931590205,21
4/11/2022 15:00:53.827,0.0,0.0,-0.950957931590205,0.0,0.0,0.0,-0.2075653250265806,-0.6470874056818807,-0.341449248317406,-1.0678855073892992,-0.6593216683843456,-0.950957931590205,11536,0,1,-0.950957931590205,0.950957931590205,21
4/11/2022 15:00:53.838,0.0,0.0,-0.950957931590205,0.0,0.0,0.0,-0.2075653250265806,-0.7984834709768406,-0.004801459548087519,-1.0153001823869023,-0.6695683847130338,-0.950957931590205,11536,0,1,-0.950957931590205,0.950957931590205,21
4/11/2022 15:00:53.849,0.0,0.0,-0.950957931590205,0.0,0.0,0.0,-0.013228746056321858,-0.6728935531753397,-0.2741196905635423,-1.0196822928037688,-0.6832306731512848,-0.950957931590205,11536,0,1,-0.950957931590205,0.950957931590205,21
4/11/2022 15:00:53.859,0.0,0.0,-0.950957931590205,0.0,0.0,0.0,-0.013228746056321858,-0.5774108074495412,-0.4761083638251334,-1.0372107344712345,-0.6934773894799731,-0.950957931590205,11536,0,1,-0.950957931590205,0.950957931590205,21
4/11/2022 15:00:53.87,0.0,0.0,-0.950957931590205,0.0,0.0,0.0,0.3754444118841956,-0.6599904794286102,-0.341449248317406,-0.9758611886351048,-0.7037241058086612,-0.950957931590205,11536,0,1,-0.950957931590205,0.950957931590205,21
4/11/2022 15:00:53.88,0.0,0.0,-0.950957931590205,0.0,0.0,0.0,-0.40190190399683934,-0.8862243724546013,0.19718721371350356,-1.0635033969724328,-0.7156786081921308,-0.950957931590205,11536,0,1,-0.950957931590205,0.950957931590205,21
4/11/2022 15:00:53.891,0.0,0.0,-0.950957931590205,0.0,0.0,0.0,-0.2075653250265806,-0.7898814218123542,-0.004801459548087519,-1.0284465136375016,-0.725925324520819,-0.950957931590205,11536,0,1,-0.950957931590205,0.950957931590205,21
4/11/2022 15:00:53.901,0.0,0.0,-0.950957931590205,0.0,0.0,0.0,-0.013228746056321858,-0.7554732251544087,-0.0721310173019512,-0.9627148573845057,-0.7378798269042887,-0.950957931590205,11536,0,1,-0.950957931590205,0.950957931590205,21
4/11/2022 15:00:53.911,0.0,0.0,-0.950957931590205,0.0,0.0,0.0,-0.013228746056321858,-0.5885934713633735,-0.4761083638251334,-1.0503570657218335,-0.7481265432329768,-0.950957931590205,11536,0,1,-0.950957931590205,0.950957931590205,21
4/11/2022 15:00:53.921,0.0,0.0,-0.950957931590205,0.0,0.0,0.0,-0.013228746056321858,-0.7219252334129119,-0.2067901328096786,-1.0065359615531697,-0.7600810456164464,-0.950957931590205,11536,0,1,-0.950957931590205,0.950957931590205,21
4/11/2022 15:00:53.932,0.0,0.0,-0.950957931590205,0.0,0.0,0.0,-0.013228746056321858,-0.5739699877837466,-0.5434379215789971,-1.0503570657218335,-0.7703277619451346,-0.950957931590205,11536,0,1,-0.950957931590205,0.950957931590205,21
4/11/2022 15:00:53.942,0.0,0.0,-0.950957931590205,0.0,0.0,0.0,-0.40190190399683934,-0.7245058481622578,-0.1394605750558149,-1.0810318386398985,-0.7805744782738229,-0.950957931590205,11536,0,1,-0.950957931590205,0.950957931590205,21
4/11/2022 15:00:53.954,0.0,0.0,-0.950957931590205,0.0,0.0,0.0,-0.2075653250265806,-0.6660119138437507,-0.2741196905635423,-1.098560280307364,-0.7908211946025111,-0.950957931590205,11536,0,1,-0.950957931590205,0.950957931590205,21
4/11/2022 15:00:53.963,0.0,0.0,-0.950957931590205,0.0,0.0,0.0,-0.013228746056321858,-0.7898814218123542,-0.004801459548087519,-0.9977717407194369,-0.8027756969859806,-0.950957931590205,11536,0,1,-0.950957931590205,0.950957931590205,21
4/11/2022 15:00:53.972,0.0,0.0,-0.950957931590205,0.0,0.0,0.0,-0.013228746056321858,-0.7554732251544087,-0.0721310173019512,-1.0240644032206352,-0.8130224133146688,-0.950957931590205,11536,0,1,-0.950957931590205,0.950957931590205,21
4/11/2022 15:00:53.983,0.0,0.0,-0.950957931590205,0.0,0.0,0.0,-0.013228746056321858,-0.8793427331230123,0.19718721371350356,-0.9758611886351048,-0.8232691296433571,-0.950957931590205,11536,0,1,-0.950957931590205,0.950957931590205,21
4/11/2022 15:00:53.994,0.0,0.0,-0.950957931590205,0.0,0.0,0.0,-0.013228746056321858,-0.6264424876871134,-0.40877880607126965,-1.0503570657218335,-0.836931418081608,-0.950957931590205,11536,0,1,-0.950957931590205,0.950957931590205,21
4/11/2022 15:00:54.004,0.0,0.0,-0.950957931590205,0.0,0.0,0.0,-0.013228746056321858,-0.6187006434390757,-0.40877880607126965,-1.0459749553049673,-0.8471781344102962,-0.950957931590205,11536,0,1,-0.950957931590205,0.950957931590205,21
4/11/2022 15:00:54.015,0.0,0.0,-0.950957931590205,0.0,0.0,0.0,0.18110783291393687,-0.7365487169925388,-0.1394605750558149,-0.9977717407194369,-0.8574248507389844,-0.950957931590205,11536,0,1,-0.950957931590205,0.950957931590205,21
4/11/2022 15:00:54.026,0.0,0.0,-0.950957931590205,0.0,0.0,0.0,-0.2075653250265806,-0.738269126825436,-0.1394605750558149,-1.0678855073892992,-0.8676715670676727,-0.950957931590205,11536,0,1,-0.950957931590205,0.950957931590205,21
4/11/2022 15:00:54.034,0.0,0.0,-0.950957931590205,0.0,0.0,0.0,-0.013228746056321858,-0.6685925285930966,-0.2741196905635423,-1.0240644032206352,-0.8779182833963609,-0.950957931590205,11536,0,1,-0.950957931590205,0.950957931590205,21
4/11/2022 15:00:54.046,0.0,0.0,-0.950957931590205,0.0,0.0,0.0,0.18110783291393687,-0.7838599873972137,-0.004801459548087519,-0.9627148573845057,-0.8915805718346118,-0.950957931590205,11536,0,1,-0.950957931590205,0.950957931590205,21
4/11/2022 15:00:54.057,0.0,0.0,-0.950957931590205,0.0,0.0,0.0,0.18110783291393687,-0.5249383075461744,-0.6107674793328608,-1.0372107344712345,-0.9018272881633,-0.950957931590205,11536,0,1,-0.950957931590205,0.950957931590205,21
4/11/2022 15:00:54.067,0.0,0.0,-0.950957931590205,0.0,0.0,0.0,0.3754444118841956,-0.5963353156114112,-0.4761083638251334,-0.9846254094688377,-0.9120740044919883,-0.950957931590205,11536,0,1,-0.950957931590205,0.950957931590205,21
4/11/2022 15:00:54.076,0.0,0.0,-0.950957931590205,0.0,0.0,0.0,0.18110783291393687,-0.5705291681179521,-0.5434379215789971,-1.0459749553049673,-0.9240285068754578,-0.950957931590205,11536,0,1,-0.950957931590205,0.950957931590205,21
4/11/2022 15:00:54.086,0.0,0.0,-0.950957931590205,0.0,0.0,0.0,-0.013228746056321858,-0.5292393321284176,-0.6107674793328608,-1.0854139490567647,-0.934275223204146,-0.950957931590205,11536,0,1,-0.950957931590205,0.950957931590205,21
4/11/2022 15:00:54.098,0.0,0.0,-0.950957931590205,0.0,0.0,0.0,-0.013228746056321858,-0.646227200765432,-0.341449248317406,-1.0591212865555664,-0.9445219395328343,-0.950957931590205,11536,0,1,-0.950957931590205,0.950957931590205,21
4/11/2022 15:00:54.107,0.0,0.0,-0.950957931590205,0.0,0.0,0.0,-0.013228746056321858,-0.7907416267288028,-0.004801459548087519,-0.9933896303025704,-0.9547686558615225,-0.950957931590205,11536,0,1,-0.950957931590205,0.950957931590205,21
4/11/2022 15:00:54.118,0.0,0.0,-0.950957931590205,0.0,0.0,0.0,-0.013228746056321858,-0.7348283071596415,-0.1394605750558149,-1.0503570657218335,-0.9667231582449921,-0.950957931590205,11536,0,1,-0.950957931590205,0.950957931590205,21
4/11/2022 15:00:54.129,0.0,0.0,-0.950957931590205,0.0,0.0,0.0,-0.40190190399683934,-0.6995599055852474,-0.2067901328096786,-1.1073245011410968,-0.980385446683243,-0.950957931590205,11536,0,1,-0.950957931590205,0.950957931590205,21
4/11/2022 15:00:54.139,0.0,0.0,-0.950957931590205,0.0,0.0,0.0,-0.013228746056321858,-0.6531088400970211,-0.341449248317406,-1.0415928448881009,-0.9906321630119312,-0.950957931590205,11536,0,1,-0.950957931590205,0.950957931590205,21
4/11/2022 15:00:54.15,0.0,0.0,-0.950957931590205,0.0,0.0,0.0,0.18110783291393687,-0.5507444550396335,-0.5434379215789971,-1.032828624054368,-1.0008788793406194,-0.950957931590205,11536,0,1,-0.950957931590205,0.950957931590205,21
4/11/2022 15:00:54.159,0.0,0.0,-0.950957931590205,0.0,0.0,0.0,0.18110783291393687,-0.7976232660603919,-0.004801459548087519,-0.9758611886351048,-1.0111255956693077,-0.950957931590205,11536,0,1,-0.950957931590205,0.950957931590205,21
4/11/2022 15:00:54.17,0.0,0.0,-0.950957931590205,0.0,0.0,0.0,-0.2075653250265806,-0.8784825282065636,0.19718721371350356,-1.0153001823869023,-1.0230800980527772,-0.950957931590205,11536,0,1,-0.950957931590205,0.950957931590205,21
4/11/2022 15:00:54.181,0.0,0.0,-0.950957931590205,0.0,0.0,0.0,-0.2075653250265806,-0.7425701514076792,-0.1394605750558149,-1.0459749553049673,-1.0333268143814656,-0.950957931590205,11536,0,1,-0.950957931590205,0.950957931590205,21
4/11/2022 15:00:54.191,0.0,0.0,-0.950957931590205,0.0,0.0,0.0,-0.013228746056321858,-0.766655889068241,-0.0721310173019512,-0.9933896303025704,-1.045281316764935,-0.950957931590205,11536,0,1,-0.950957931590205,0.950957931590205,21
4/11/2022 15:00:54.202,0.0,0.0,-0.950957931590205,0.0,0.0,0.0,0.18110783291393687,-0.5335403567106608,-0.6107674793328608,-1.0021538511363033,-1.0572358191484046,-0.950957931590205,11536,0,1,-0.950957931590205,0.950957931590205,21
4/11/2022 15:00:54.212,0.0,0.0,-0.950957931590205,0.0,0.0,0.0,-0.2075653250265806,-0.8113865447235701,0.06252809820577618,-1.076649728223032,-1.067482535477093,-0.950957931590205,11536,0,1,-0.950957931590205,0.950957931590205,21
4/11/2022 15:00:54.222,0.0,0.0,-0.950957931590205,0.0,0.0,0.0,-0.40190190399683934,-0.9782662985146052,0.39917588697509465,-1.0196822928037688,-1.0794370378605624,-0.950957931590205,11536,0,1,-0.950957931590205,0.950957931590205,21
4/11/2022 15:00:54.232,0.0,0.0,-0.950957931590205,0.0,0.0,0.0,-0.013228746056321858,-0.5911740861127194,-0.4761083638251334,-1.0153001823869023,-1.0896837541892506,-0.950957931590205,11536,0,1,-0.950957931590205,0.950957931590205,21
4/11/2022 15:00:54.242,0.0,0.0,-0.950957931590205,0.0,0.0,0.0,0.18110783291393687,-0.6900976515043125,-0.2741196905635423,-0.9933896303025704,-1.099930470517939,-0.950957931590205,11536,0,1,-0.950957931590205,0.950957931590205,21
4/11/2022 15:00:54.252,0.0,0.0,-0.950957931590205,0.0,0.0,0.0,0.18110783291393687,-0.5257985124626231,-0.6107674793328608,-1.0284465136375016,-1.1118849729014084,-0.950957931590205,11536,0,1,-0.950957931590205,0.950957931590205,21
4/11/2022 15:00:54.264,0.0,0.0,-0.950957931590205,0.0,0.0,0.0,-0.013228746056321858,-0.617840438522627,-0.40877880607126965,-1.0678855073892992,-1.1221316892300968,-0.950957931590205,11536,0,1,-0.950957931590205,0.950957931590205,21
4/11/2022 15:00:54.273,0.0,0.0,-0.950957931590205,0.0,0.0,0.0,-0.2075653250265806,-0.5146158485487908,-0.6780970370867244,-1.1073245011410968,-1.1340861916135663,-0.950957931590205,11536,0,1,-0.950957931590205,0.950957931590205,21
4/11/2022 15:00:54.284,0.0,0.0,-0.950957931590205,0.0,0.0,0.0,-0.013228746056321858,-0.5705291681179521,-0.5434379215789971,-1.0503570657218335,-1.1443329079422544,-0.950957931590205,11536,0,1,-0.950957931590205,0.950957931590205,21
4/11/2022 15:00:54.295,0.0,0.0,-0.950957931590205,0.0,0.0,0.0,-0.2075653250265806,-0.636764946684497,-0.341449248317406,-1.0503570657218335,-1.1545796242709427,-0.950957931590205,11536,0,1,-0.950957931590205,0.950957931590205,21
4/11/2022 15:00:54.304,0.0,0.0,-0.950957931590205,0.0,0.0,0.0,-0.013228746056321858,-0.7227854383293606,-0.1394605750558149,-1.0240644032206352,-1.1665341266544123,-0.950957931590205,11536,0,1,-0.950957931590205,0.950957931590205,21
4/11/2022 15:00:54.314,0.0,0.0,-0.950957931590205,0.0,0.0,0.0,-0.2075653250265806,-0.8724610937914232,0.19718721371350356,-0.9977717407194369,-1.1784886290378818,-0.950957931590205,11536,0,1,-0.950957931590205,0.950957931590205,21
4/11/2022 15:00:54.324,0.0,0.0,-0.950957931590205,0.0,0.0,0.0,-0.2075653250265806,-0.7907416267288028,-0.004801459548087519,-1.0196822928037688,-1.1870275593117887,-0.950957931590205,11536,0,1,-0.950957931590205,0.950957931590205,21
4/11/2022 15:00:54.336,0.0,0.0,-0.950957931590205,0.0,0.0,0.0,-0.013228746056321858,-0.6006363401936543,-0.4761083638251334,-1.0547391761387,-1.2006898477500396,-0.950957931590205,11536,0,1,-0.950957931590205,0.950957931590205,21
4/11/2022 15:00:54.346,0.0,0.0,-0.950957931590205,0.0,0.0,0.0,0.3754444118841956,-0.693538471170107,-0.2067901328096786,-0.953950636550773,-1.2109365640787277,-0.950957931590205,11536,0,1,-0.950957931590205,0.950957931590205,21
4/11/2022 15:00:54.357,0.0,0.0,-0.950957931590205,0.0,0.0,0.0,0.18110783291393687,-0.8320314627183373,0.06252809820577618,-0.9714790782182385,-1.221183280407416,-0.950957931590205,11536,0,1,-0.950957931590205,0.950957931590205,21
4/11/2022 15:00:54.368,0.0,0.0,-0.950957931590205,0.0,0.0,0.0,0.18110783291393687,-1.061706175410123,0.6011645602366857,-0.8882189802977769,-1.2331377827908856,-0.950957931590205,11536,0,1,-0.950957931590205,0.950957931590205,21
4/11/2022 15:00:54.378,0.0,0.0,-0.950957931590205,0.0,0.0,0.0,0.18110783291393687,-0.9197723641960981,0.26451677146736724,-0.9451864157170401,-1.243384499119574,-0.950957931590205,11536,0,1,-0.950957931590205,0.950957931590205,21
4/11/2022 15:00:54.388,0.0,0.0,-0.950957931590205,0.0,0.0,0.0,-0.2075653250265806,-1.0324592082508692,0.533835002482822,-0.989007519885704,-1.253631215448262,-0.950957931590205,11536,0,1,-0.950957931590205,0.950957931590205,21
4/11/2022 15:00:54.398,0.0,0.0,-0.950957931590205,0.0,0.0,0.0,0.18110783291393687,-1.0427816672482528,0.533835002482822,-0.9364221948833074,-1.2638779317769502,-0.950957931590205,11536,0,1,-0.950957931590205,0.950957931590205,21
4/11/2022 15:00:54.41,0.0,0.0,-0.950957931590205,0.0,0.0,0.0,0.18110783291393687,-0.9911693722613348,0.46650544472895833,-0.989007519885704,-1.2741246481056385,-0.950957931590205,11536,0,1,-0.950957931590205,0.950957931590205,21
4/11/2022 15:00:54.42,0.0,0.0,-0.950957931590205,0.0,0.0,0.0,-0.013228746056321858,-1.1425654375562946,0.8031532334982768,-0.9714790782182385,-1.2843713644343266,-0.950957931590205,11536,0,1,-0.950957931590205,0.950957931590205,21
4/11/2022 15:00:54.429,0.0,0.0,-0.950957931590205,0.0,0.0,0.0,-0.013228746056321858,-0.9550407657704921,0.331846329221231,-1.0021538511363033,-1.294618080763015,-0.950957931590205,11536,0,1,-0.950957931590205,0.950957931590205,21
4/11/2022 15:00:54.441,0.0,0.0,-0.950957931590205,0.0,0.0,0.0,0.18110783291393687,-0.7984834709768406,-0.004801459548087519,-0.9802432990519713,-1.3065725831464845,-0.950957931590205,11536,0,1,-0.950957931590205,0.950957931590205,21
4/11/2022 15:00:54.451,0.0,0.0,-0.950957931590205,0.0,0.0,0.0,0.3754444118841956,-0.8354722823841318,0.06252809820577618,-0.9276579740495745,-1.3168192994751726,-0.950957931590205,11536,0,1,-0.950957931590205,0.950957931590205,21
4/11/2022 15:00:54.461,0.0,0.0,-0.950957931590205,0.0,0.0,0.0,0.3754444118841956,-0.8217090037209537,0.06252809820577618,-0.9495685261339065,-1.327066015803861,-0.950957931590205,11536,0,1,-0.950957931590205,0.950957931590205,21
4/11/2022 15:00:54.471,0.0,0.0,-0.950957931590205,0.0,0.0,0.0,-0.2075653250265806,-1.1743930194648942,0.8704827912521405,-0.8969832011315098,-1.3356049460777677,-0.950957931590205,11536,0,1,-0.950957931590205,0.950957931590205,21
4/11/2022 15:00:54.482,0.0,0.0,-0.950957931590205,0.0,0.0,0.0,-0.40190190399683934,-1.0556847409949826,0.6011645602366857,-0.9408043053001737,-1.345851662406456,-0.950957931590205,11536,0,1,-0.950957931590205,0.950957931590205,21
4/11/2022 15:00:54.491,0.0,0.0,-0.950957931590205,0.0,0.0,0.0,-0.40190190399683934,-0.9593417903527353,0.39917588697509465,-0.9627148573845057,-1.3543905926803628,-0.950957931590205,11536,0,1,-0.950957931590205,0.950957931590205,21
4/11/2022 15:00:54.502,0.0,0.0,-0.950957931590205,0.0,0.0,0.0,-0.2075653250265806,-1.0651469950759174,0.6011645602366857,-0.8706905386303114,-1.3646373090090511,-0.950957931590205,11536,0,1,-0.950957931590205,0.950957931590205,21
4/11/2022 15:00:54.512,0.0,0.0,-0.950957931590205,0.0,0.0,0.0,-0.40190190399683934,-1.316326830678919,1.207130580021459,-0.8005767719604491,-1.3748840253377392,-0.950957931590205,11536,0,1,-0.950957931590205,0.950957931590205,21
4/11/2022 15:00:54.523,0.0,0.0,-0.950957931590205,0.0,0.0,0.0,-0.7905750619373568,-1.665570026757065,2.0150852730678235,-0.7392272261243195,-1.3817151695568648,-0.950957931590205,11536,0,1,-0.950957931590205,0.950957931590205,21
4/11/2022 15:00:54.534,0.0,0.0,-0.950957931590205,0.0,0.0,0.0,-0.596238482967098,-1.3748207649974262,1.3417896955291864,-0.7699019990423842,-1.3902540998307715,-0.950957931590205,11536,0,1,-0.950957931590205,0.950957931590205,21
4/11/2022 15:00:54.544,0.0,0.0,-0.950957931590205,0.0,0.0,0.0,-0.596238482967098,-1.4049279370731285,1.40911925328305,-0.7085524532062547,-1.397085244049897,-0.950957931590205,11536,0,1,-0.950957931590205,0.950957931590205,21
4/11/2022 15:00:54.554,0.0,0.0,-0.950957931590205,0.0,0.0,0.0,-0.596238482967098,-1.2612737160262064,1.0724714645137317,-0.7304630052905867,-1.4056241743238038,-0.950957931590205,11536,0,1,-0.950957931590205,0.950957931590205,21
4/11/2022 15:00:54.564,0.0,0.0,-0.950957931590205,0.0,0.0,0.0,-1.1792482198778742,-1.838471214963241,2.4190626195910054,-0.6822597907050564,-1.4124553185429294,-0.950957931590205,11536,0,1,-0.950957931590205,0.950957931590205,21
4/11/2022 15:00:54.576,0.0,0.0,-0.950957931590205,0.0,0.0,0.0,-0.2075653250265806,-1.2690155602742441,1.0724714645137317,-0.634056576119526,-1.4209942488168363,-0.950957931590205,11536,0,1,-0.950957931590205,0.950957931590205,21
4/11/2022 15:00:54.585,0.0,0.0,-0.950957931590205,0.0,0.0,0.0,-0.40190190399683934,-1.323208470010508,1.207130580021459,-0.6033818032014612,-1.4278253930359617,-0.950957931590205,11536,0,1,-0.950957931590205,0.950957931590205,21
4/11/2022 15:00:54.596,0.0,0.0,-0.950957931590205,0.0,0.0,0.0,-0.2075653250265806,-1.2182634702037747,0.9378123490060042,-0.6691134594544571,-1.4346565372550872,-0.950957931590205,11536,0,1,-0.950957931590205,0.950957931590205,21
4/11/2022 15:00:54.606,0.0,0.0,-0.950957931590205,0.0,0.0,0.0,-0.40190190399683934,-1.3627778961671453,1.2744601377753226,-0.67787768028819,-1.4414876814742126,-0.950957931590205,11536,0,1,-0.950957931590205,0.950957931590205,21
4/11/2022 15:00:54.617,0.0,0.0,-0.950957931590205,0.0,0.0,0.0,-0.7905750619373568,-1.6862149447518322,2.0150852730678235,-0.6603492386207244,-1.4483188256933381,-0.950957931590205,11536,0,1,-0.950957931590205,0.950957931590205,21
4/11/2022 15:00:54.626,0.0,0.0,-0.950957931590205,0.0,0.0,0.0,-0.9849116409076155,-1.942556009853526,2.6210512928525964,-0.634056576119526,-1.4551499699124637,-0.950957931590205,11536,0,1,-0.950957931590205,0.950957931590205,21
4/11/2022 15:00:54.637,0.0,0.0,-0.950957931590205,0.0,0.0,0.0,-0.7905750619373568,-2.0561030588247458,2.8903695238680513,-0.5814712511171293,-1.461981114131589,-0.950957931590205,11536,0,1,-0.950957931590205,0.950957931590205,21
4/11/2022 15:00:54.648,0.0,0.0,-0.950957931590205,0.0,0.0,0.0,-1.5679213778183918,-2.8449109672081447,4.708267583222371,-0.5201217052809997,-1.4688122583507146,-0.950957931590205,11536,0,1,-0.950957931590205,0.950957931590205,21
4/11/2022 15:00:54.658,0.0,0.0,-0.950957931590205,0.0,0.0,0.0,-1.1792482198778742,-2.206638919203257,3.22701731263737,-0.5595606990327971,-1.4739356165150588,-0.950957931590205,11536,0,1,-0.950957931590205,0.950957931590205,21
4/11/2022 15:00:54.669,0.0,0.0,-0.950957931590205,0.0,0.0,0.0,-0.7905750619373568,-2.0070713785871734,2.755710408360324,-0.5595606990327971,-1.4807667607341841,-0.950957931590205,11536,0,1,-0.950957931590205,0.950957931590205,21
4/11/2022 15:00:54.678,0.0,0.0,-0.950957931590205,0.0,0.0,0.0,-1.373584798848133,-2.512871869458971,3.9003128901760067,-0.5727070302833964,-1.4858901188985283,-0.950957931590205,11536,0,1,-0.950957931590205,0.950957931590205,21
4/11/2022 15:00:54.689,0.0,0.0,-0.950957931590205,0.0,0.0,0.0,-1.1792482198778742,-2.364916623829806,3.5636651014066882,-0.5639428094496637,-1.4927212631176536,-0.950957931590205,11536,0,1,-0.950957931590205,0.950957931590205,21
4/11/2022 15:00:54.7,0.0,0.0,-0.950957931590205,0.0,0.0,0.0,-1.373584798848133,-2.5894301070229,4.102301563437598,-0.4850648219460685,-1.4978446212819978,-0.950957931590205,11536,0,1,-0.950957931590205,0.950957931590205,21
4/11/2022 15:00:54.71,0.0,0.0,-0.950957931590205,0.0,0.0,0.0,-1.1792482198778742,-2.579967852941965,4.102301563437598,-0.49821115319666764,-1.502967979446342,-0.950957931590205,11536,0,1,-0.950957931590205,0.950957931590205,21
4/11/2022 15:00:54.72,0.0,0.0,-0.950957931590205,0.0,0.0,0.0,-0.9849116409076155,-2.5490004759498137,4.034972005683734,-0.4237152761099389,-1.5063835515559048,-0.950957931590205,11536,0,1,-0.950957931590205,0.950957931590205,21
4/11/2022 15:00:54.73,0.0,0.0,-0.950957931590205,0.0,0.0,0.0,-0.9849116409076155,-2.3339492468376553,3.4963355436528247,-0.4280973865268053,-1.5115069097202487,-0.950957931590205,11536,0,1,-0.950957931590205,0.950957931590205,21
4/11/2022 15:00:54.741,0.0,0.0,-0.950957931590205,0.0,0.0,0.0,-0.9849116409076155,-2.554161705448506,4.034972005683734,-0.4368616073605381,-1.5166302678845929,-0.950957931590205,11536,0,1,-0.950957931590205,0.950957931590205,21
4/11/2022 15:00:54.752,0.0,0.0,-0.950957931590205,0.0,0.0,0.0,-2.3452676936994266,-0.4965515453033695,-0.341449248317406,-0.4280973865268053,-1.521753626048937,-0.950957931590205,11536,0,1,-0.950957931590205,0.950957931590205,21
4/11/2022 15:00:54.762,0.0,0.0,-0.950957931590205,0.0,0.0,0.0,-1.7622579567886505,-3.1872725239547015,-0.341449248317406,-0.39742261360874054,-1.5268769842132812,-0.950957931590205,11536,0,1,-0.950957931590205,0.950957931590205,21
4/11/2022 15:00:54.772,0.0,0.0,-0.950957931590205,0.0,0.0,0.0,-0.7905750619373568,-2.7717935493100105,4.5062789099607805,-0.3755120615244086,-1.5302925563228438,-0.950957931590205,11536,0,1,-0.950957931590205,0.950957931590205,21
4/11/2022 15:00:54.782,0.0,0.0,-0.950957931590205,0.0,0.0,0.0,-2.928277430610203,-0.4965515453033695,-0.341449248317406,-0.40180472402560696,-1.5337081284324066,-0.950957931590205,11536,0,1,-0.950957931590205,0.950957931590205,21
4/11/2022 15:00:54.793,0.0,0.0,-0.950957931590205,0.0,0.0,0.0,-1.5679213778183918,-2.8810395736989873,4.775597140976235,-0.30101618443767986,-1.5371237005419693,-0.950957931590205,11536,0,1,-0.950957931590205,0.950957931590205,21
4/11/2022 15:00:54.804,0.0,0.0,-0.950957931590205,0.0,0.0,0.0,-3.1226140095804618,-0.4965515453033695,-0.341449248317406,-0.2571950802690159,-1.5388314865967507,-0.950957931590205,11536,0,1,-0.950957931590205,0.950957931590205,21
4/11/2022 15:00:54.815,0.0,0.0,-0.950957931590205,0.0,0.0,0.0,-0.013228746056321858,-0.4965515453033695,-0.341449248317406,-0.2571950802690159,-1.5388314865967507,-0.950957931590205,11536,0,1,-0.950957931590205,0.950957931590205,21
4/11/2022 15:00:54.824,0.0,0.0,-0.950957931590205,0.0,0.0,0.0,-0.013228746056321858,-0.4965515453033695,-0.341449248317406,-0.2571950802690159,-1.5388314865967507,-0.950957931590205,11536,0,1,-0.950957931590205,0.950957931590205,21
4/11/2022 15:00:54.835,0.0,0.0,-0.950957931590205,0.0,0.0,0.0,-0.013228746056321858,-0.4965515453033695,-0.341449248317406,-0.2571950802690159,-1.5388314865967507,-0.950957931590205,11536,0,1,-0.950957931590205,0.950957931590205,21
4/11/2022 15:00:54.844,0.0,0.0,-0.950957931590205,0.0,0.0,0.0,-0.013228746056321858,-0.4965515453033695,-0.341449248317406,-0.2571950802690159,-1.5388314865967507,-0.950957931590205,11536,0,1,-0.950957931590205,0.950957931590205,21
4/11/2022 15:00:54.856,0.0,0.0,-0.950957931590205,0.0,0.0,0.0,-0.013228746056321858,-0.4965515453033695,-0.341449248317406,-0.2571950802690159,-1.5388314865967507,-0.950957931590205,11536,0,1,-0.950957931590205,0.950957931590205,21
4/11/2022 15:00:54.856,0.0,0.0,-0.950957931590205,0.0,0.0,0.0,-0.013228746056321858,-0.4965515453033695,-0.341449248317406,-0.2571950802690159,-1.5388314865967507,-0.950957931590205,11536,0,1,-0.950957931590205,0.950957931590205,21
4/11/2022 15:00:54.856,0.0,0.0,-0.950957931590205,0.0,0.0,0.0,-0.013228746056321858,-0.4965515453033695,-0.341449248317406,-0.2571950802690159,-1.5388314865967507,-0.950957931590205,11536,0,1,-0.950957931590205,0.950957931590205,21
4/11/2022 15:00:54.856,0.0,0.0,-0.950957931590205,0.0,0.0,0.0,-0.013228746056321858,-0.4965515453033695,-0.341449248317406,-0.2571950802690159,-1.5388314865967507,-0.950957931590205,11536,0,1,-0.950957931590205,0.950957931590205,21
4/11/2022 15:00:54.856,0.0,0.0,-0.950957931590205,0.0,0.0,0.0,-0.013228746056321858,-0.4965515453033695,-0.341449248317406,-0.2571950802690159,-1.5388314865967507,-0.950957931590205,11536,0,1,-0.950957931590205,0.950957931590205,21
4/11/2022 15:00:54.856,0.0,0.0,-0.950957931590205,0.0,0.0,0.0,-0.013228746056321858,-0.4965515453033695,-0.341449248317406,-0.2571950802690159,-1.5388314865967507,-0.950957931590205,11536,0,1,-0.950957931590205,0.950957931590205,21
4/11/2022 15:00:54.856,0.0,0.0,-0.950957931590205,0.0,0.0,0.0,-0.013228746056321858,-0.4965515453033695,-0.341449248317406,-0.2571950802690159,-1.5388314865967507,-0.950957931590205,11536,0,1,-0.950957931590205,0.950957931590205,21
4/11/2022 15:00:54.856,0.0,0.0,-0.950957931590205,0.0,0.0,0.0,-0.013228746056321858,-0.4965515453033695,-0.341449248317406,-0.2571950802690159,-1.5388314865967507,-0.950957931590205,11536,0,1,-0.950957931590205,0.950957931590205,21
4/11/2022 15:00:54.856,0.0,0.0,-0.950957931590205,0.0,0.0,0.0,-0.013228746056321858,-0.4965515453033695,-0.341449248317406,-0.2571950802690159,-1.5388314865967507,-0.950957931590205,11536,0,1,-0.950957931590205,0.950957931590205,21
