collect_time,Emergencyunlockingstatus,opendoor,openclosed,dooraction,lockswitchstate,closewtichstate,Voltage,current,Antipinchforce,speed,corner,prepra1,doorcount,opening,closing,opening_command,closing_command,label
27/10/2022 16:02:14.763,0.0,0.0,1.0515712281065748,0.0,0.0,0.0,0.12315420731427465,1.2868381762708085,0.8991993009578523,0.010022078925500298,-1.5358116757988558,1.0515712281065748,10682,1,0,1.0515712281065748,-1.0515712281065746,17
27/10/2022 16:02:14.773,0.0,0.0,1.0515712281065748,0.0,0.0,0.0,-3.035623220935927,0.3742009431264004,-1.31412238264984,0.6362671537667304,-1.5272774215139866,1.0515712281065748,10682,1,0,1.0515712281065748,-1.0515712281065746,17
27/10/2022 16:02:14.784,0.0,0.0,1.0515712281065748,0.0,0.0,0.0,-2.684647951130349,0.5669420194402915,-0.8446299043088145,0.5399217576373103,-1.5204500180860911,1.0515712281065748,10682,1,0,1.0515712281065748,-1.0515712281065746,17
27/10/2022 16:02:14.796,0.0,0.0,1.0515712281065748,0.0,0.0,0.0,-2.50916031622756,0.5488210635475326,-0.9117002583575324,0.5880944557020203,-1.5136226146581957,1.0515712281065748,10682,1,0,1.0515712281065748,-1.0515712281065746,17
27/10/2022 16:02:14.805,0.0,0.0,1.0515712281065748,0.0,0.0,0.0,-2.50916031622756,0.5949471330927373,-0.7775595502600965,0.649405162329833,-1.5067952112303002,1.0515712281065748,10682,1,0,1.0515712281065748,-1.0515712281065746,17
27/10/2022 16:02:14.815,0.0,0.0,1.0515712281065748,0.0,0.0,0.0,-2.50916031622756,0.7308543022884298,-0.44220778001650674,0.6800605156437395,-1.4999678078024048,1.0515712281065748,10682,1,0,1.0515712281065748,-1.0515712281065746,17
27/10/2022 16:02:14.825,0.0,0.0,1.0515712281065748,0.0,0.0,0.0,-1.982697411519193,0.5982418523459663,-0.7775595502600965,0.6800605156437395,-1.4931404043745093,1.0515712281065748,10682,1,0,1.0515712281065748,-1.0515712281065746,17
27/10/2022 16:02:14.837,0.0,0.0,1.0515712281065748,0.0,0.0,0.0,-1.8072097766164041,0.5751788175733639,-0.8446299043088145,0.7150952051453467,-1.48460615008964,1.0515712281065748,10682,1,0,1.0515712281065748,-1.0515712281065746,17
27/10/2022 16:02:14.846,0.0,0.0,1.0515712281065748,0.0,0.0,0.0,-1.4562345068108262,0.5619999405604482,-0.8446299043088145,0.7413712222715522,-1.4760718958047707,1.0515712281065748,10682,1,0,1.0515712281065748,-1.0515712281065746,17
27/10/2022 16:02:14.856,0.0,0.0,1.0515712281065748,0.0,0.0,0.0,-1.4562345068108262,0.6682546364770806,-0.5763484881139427,0.7720265755854585,-1.4692444923768753,1.0515712281065748,10682,1,0,1.0515712281065748,-1.0515712281065746,17
27/10/2022 16:02:14.869,0.0,0.0,1.0515712281065748,0.0,0.0,0.0,-1.4562345068108262,0.7152043858355925,-0.5092781340652247,0.798302592711664,-1.4607102380920058,1.0515712281065748,10682,1,0,1.0515712281065748,-1.0515712281065746,17
27/10/2022 16:02:14.878,0.0,0.0,1.0515712281065748,0.0,0.0,0.0,-1.1052592370052483,0.6575467989040866,-0.6434188421626607,0.8552339631517758,-1.4504691329501627,1.0515712281065748,10682,1,0,1.0515712281065748,-1.0515712281065746,17
27/10/2022 16:02:14.888,0.0,0.0,1.0515712281065748,0.0,0.0,0.0,-0.7542839671996703,0.604831290852424,-0.7775595502600965,0.8377166184009722,-1.4419348786652932,1.0515712281065748,10682,1,0,1.0515712281065748,-1.0515712281065746,17
27/10/2022 16:02:14.898,0.0,0.0,1.0515712281065748,0.0,0.0,0.0,-1.1052592370052483,1.4103901482668926,1.1674807171527242,0.6931985242068421,-1.4351074752373978,1.0515712281065748,10682,1,0,1.0515712281065748,-1.0515712281065746,17
27/10/2022 16:02:14.908,0.0,0.0,1.0515712281065748,0.0,0.0,0.0,-1.2807468719080373,2.1689992563228486,2.978380276468109,0.49174905957260034,-1.4299869226664763,1.0515712281065748,10682,1,0,1.0515712281065748,-1.0515712281065746,17
27/10/2022 16:02:14.92,0.0,0.0,1.0515712281065748,0.0,0.0,0.0,-1.6317221417136152,2.972910754110703,4.92342054388093,0.44795569769559124,-1.4248663700955546,1.0515712281065748,10682,1,0,1.0515712281065748,-1.0515712281065746,17
27/10/2022 16:02:14.93,0.0,0.0,1.0515712281065748,0.0,0.0,0.0,-1.8072097766164041,3.0725760115208773,5.124631606027084,0.504887068135703,-1.4197458175246331,1.0515712281065748,10682,1,0,1.0515712281065748,-1.0515712281065746,17
27/10/2022 16:02:14.94,0.0,0.0,1.0515712281065748,0.0,0.0,0.0,-0.4033086973940923,1.683028166471585,1.8381842576399037,0.4304383529447876,-1.4146252649537114,1.0515712281065748,10682,1,0,1.0515712281065748,-1.0515712281065746,17
27/10/2022 16:02:14.95,0.0,0.0,1.0515712281065748,0.0,0.0,0.0,-2.1581850464219823,-0.503841737859104,-0.3751374259677888,0.4698523786340958,-1.4112115632397637,1.0515712281065748,10682,1,0,1.0515712281065748,-1.0515712281065746,17
27/10/2022 16:02:14.96,0.0,0.0,1.0515712281065748,0.0,0.0,0.0,-0.22782106249130332,1.73491999470994,1.9052546116886215,0.39978299963088126,-1.4060910106688422,1.0515712281065748,10682,1,0,1.0515712281065748,-1.0515712281065746,17
27/10/2022 16:02:14.971,0.0,0.0,1.0515712281065748,0.0,0.0,0.0,-1.6317221417136152,3.343566670098955,-0.3751374259677888,0.4348176891324885,-1.4026773089548945,1.0515712281065748,10682,1,0,1.0515712281065748,-1.0515712281065746,17
27/10/2022 16:02:14.98,0.0,0.0,1.0515712281065748,0.0,0.0,0.0,-1.1052592370052483,2.8510061417412333,4.58806877363734,0.4829903871971985,-1.3975567563839728,1.0515712281065748,10682,1,0,1.0515712281065748,-1.0515712281065746,17
27/10/2022 16:02:14.991,0.0,0.0,1.0515712281065748,0.0,0.0,0.0,-0.9297716021024592,3.0799891298406425,5.124631606027084,0.4873697233848994,-1.3924362038130513,1.0515712281065748,10682,1,0,1.0515712281065748,-1.0515712281065746,17
27/10/2022 16:02:15.002,0.0,0.0,1.0515712281065748,0.0,0.0,0.0,-0.22782106249130332,2.4218689590081675,3.5820134629065703,0.5180250766988058,-1.3856088003851559,1.0515712281065748,10682,1,0,1.0515712281065748,-1.0515712281065746,17
27/10/2022 16:02:15.012,0.0,0.0,1.0515712281065748,0.0,0.0,0.0,-0.4033086973940923,2.8971322112864377,4.722209481734776,0.5311630852619085,-1.3804882478142342,1.0515712281065748,10682,1,0,1.0515712281065748,-1.0515712281065746,17
27/10/2022 16:02:15.023,0.0,0.0,1.0515712281065748,0.0,0.0,0.0,-0.7542839671996703,3.4028716166570754,-0.3751374259677888,0.5005077319480021,-1.3753676952433127,1.0515712281065748,10682,1,0,1.0515712281065748,-1.0515712281065746,17
27/10/2022 16:02:15.034,0.0,0.0,1.0515712281065748,0.0,0.0,0.0,-1.2807468719080373,-0.503841737859104,-0.3751374259677888,0.6231291452036276,-1.3668334409584433,1.0515712281065748,10682,1,0,1.0515712281065748,-1.0515712281065746,17
27/10/2022 16:02:15.044,0.0,0.0,1.0515712281065748,0.0,0.0,0.0,0.29864184221706364,2.3699771307698123,3.4478727548091346,0.649405162329833,-1.3600060375305478,1.0515712281065748,10682,1,0,1.0515712281065748,-1.0515712281065746,17
27/10/2022 16:02:15.054,0.0,0.0,1.0515712281065748,0.0,0.0,0.0,-0.7542839671996703,3.194480623890347,5.392913022221955,0.6931985242068421,-1.3531786341026524,1.0515712281065748,10682,1,0,1.0515712281065748,-1.0515712281065746,17
27/10/2022 16:02:15.065,0.0,0.0,1.0515712281065748,0.0,0.0,0.0,-0.22782106249130332,3.050336656561582,5.057561251978365,0.7369918860838512,-1.346351230674757,1.0515712281065748,10682,1,0,1.0515712281065748,-1.0515712281065746,17
27/10/2022 16:02:15.075,0.0,0.0,1.0515712281065748,0.0,0.0,0.0,1.0005923818282196,2.1607624581897764,2.978380276468109,0.7588885670223559,-1.3378169763898877,1.0515712281065748,10682,1,0,1.0515712281065748,-1.0515712281065746,17
27/10/2022 16:02:15.085,0.0,0.0,1.0515712281065748,0.0,0.0,0.0,0.4741294771198526,2.631907311401511,4.051505941247596,0.750129894646954,-1.3309895729619923,1.0515712281065748,10682,1,0,1.0515712281065748,-1.0515712281065746,17
27/10/2022 16:02:15.096,0.0,0.0,1.0515712281065748,0.0,0.0,0.0,1.7025429214393755,1.8304668530535784,2.173536027883493,0.802681928899365,-1.320748467820149,1.0515712281065748,10682,1,0,1.0515712281065748,-1.0515712281065746,17
27/10/2022 16:02:15.107,0.0,0.0,1.0515712281065748,0.0,0.0,0.0,0.8251047469254306,2.680504420386637,4.185646649345032,0.8815099802779813,-1.3122142135352797,1.0515712281065748,10682,1,0,1.0515712281065748,-1.0515712281065746,17
27/10/2022 16:02:15.117,0.0,0.0,1.0515712281065748,0.0,0.0,0.0,0.8251047469254306,2.470466067993294,3.7161541710040065,0.8815099802779813,-1.3019731083934365,1.0515712281065748,10682,1,0,1.0515712281065748,-1.0515712281065746,17
27/10/2022 16:02:15.128,0.0,0.0,1.0515712281065748,0.0,0.0,0.0,1.7025429214393755,1.9111874747576867,2.3747470900296475,0.8815099802779813,-1.293438854108567,1.0515712281065748,10682,1,0,1.0515712281065748,-1.0515712281065746,17
27/10/2022 16:02:15.138,0.0,0.0,1.0515712281065748,0.0,0.0,0.0,0.6496171120226416,2.8715981370739136,4.655139127686057,0.8596132993394767,-1.2849045998236979,1.0515712281065748,10682,1,0,1.0515712281065748,-1.0515712281065746,17
27/10/2022 16:02:15.148,0.0,0.0,1.0515712281065748,0.0,0.0,0.0,1.1760800167310086,2.3848033674093423,3.514943108857852,0.9165446697795886,-1.2746634946818547,1.0515712281065748,10682,1,0,1.0515712281065748,-1.0515712281065746,17
27/10/2022 16:02:15.158,0.0,0.0,1.0515712281065748,0.0,0.0,0.0,1.3515676516337976,2.3567982537568968,3.4478727548091346,0.942820686905794,-1.2661292403969853,1.0515712281065748,10682,1,0,1.0515712281065748,-1.0515712281065746,17
27/10/2022 16:02:15.169,0.0,0.0,1.0515712281065748,0.0,0.0,0.0,1.1760800167310086,2.510826378845348,3.783224525052724,0.9077859974041868,-1.2541812843981683,1.0515712281065748,10682,1,0,1.0515712281065748,-1.0515712281065746,17
27/10/2022 16:02:15.178,0.0,0.0,1.0515712281065748,0.0,0.0,0.0,1.8780305563421644,1.9136585141976084,2.3747470900296475,0.9997520573459058,-1.2473538809702729,1.0515712281065748,10682,1,0,1.0515712281065748,-1.0515712281065746,17
27/10/2022 16:02:15.19,0.0,0.0,1.0515712281065748,0.0,0.0,0.0,0.4741294771198526,3.1154073618128533,5.258772314124519,0.9603380316565977,-1.233699074114482,1.0515712281065748,10682,1,0,1.0515712281065748,-1.0515712281065746,17
27/10/2022 16:02:15.201,0.0,0.0,1.0515712281065748,0.0,0.0,0.0,1.1760800167310086,2.6220231536418237,4.051505941247596,0.9603380316565977,-1.2234579689726388,1.0515712281065748,10682,1,0,1.0515712281065748,-1.0515712281065746,17
27/10/2022 16:02:15.21,0.0,0.0,1.0515712281065748,0.0,0.0,0.0,1.0005923818282196,2.8658323783807633,4.655139127686057,0.9559586954688968,-1.2132168638307956,1.0515712281065748,10682,1,0,1.0515712281065748,-1.0515712281065746,17
27/10/2022 16:02:15.221,0.0,0.0,1.0515712281065748,0.0,0.0,0.0,1.0005923818282196,2.937492522138492,4.789279835783494,0.9515793592811959,-1.2029757586889525,1.0515712281065748,10682,1,0,1.0515712281065748,-1.0515712281065746,17
27/10/2022 16:02:15.231,0.0,0.0,1.0515712281065748,0.0,0.0,0.0,1.1760800167310086,2.6310836315882034,4.051505941247596,1.0304074106598122,-1.1927346535471093,1.0515712281065748,10682,1,0,1.0515712281065748,-1.0515712281065746,17
27/10/2022 16:02:15.241,0.0,0.0,1.0515712281065748,0.0,0.0,0.0,0.6496171120226416,3.1088179233063955,5.191701960075801,0.9866140487828031,-1.182493548405266,1.0515712281065748,10682,1,0,1.0515712281065748,-1.0515712281065746,17
27/10/2022 16:02:15.252,0.0,0.0,1.0515712281065748,0.0,0.0,0.0,1.7025429214393755,2.3386772978641375,3.3808024007604165,0.9647173678442985,-1.1722524432634227,1.0515712281065748,10682,1,0,1.0515712281065748,-1.0515712281065746,17
27/10/2022 16:02:15.262,0.0,0.0,1.0515712281065748,0.0,0.0,0.0,1.7025429214393755,2.26372243485318,3.1795913386142627,1.0128900659090085,-1.1620113381215795,1.0515712281065748,10682,1,0,1.0515712281065748,-1.0515712281065746,17
27/10/2022 16:02:15.273,0.0,0.0,1.0515712281065748,0.0,0.0,0.0,1.8780305563421644,2.2200674047478968,3.1125209845655446,1.0085107297213076,-1.1517702329797364,1.0515712281065748,10682,1,0,1.0515712281065748,-1.0515712281065746,17
27/10/2022 16:02:15.282,0.0,0.0,1.0515712281065748,0.0,0.0,0.0,1.7025429214393755,2.089925994245355,2.777169214321955,1.0960974534753258,-1.1415291278378932,1.0515712281065748,10682,1,0,1.0515712281065748,-1.0515712281065746,17
27/10/2022 16:02:15.294,0.0,0.0,1.0515712281065748,0.0,0.0,0.0,1.3515676516337976,2.5182394971651134,3.783224525052724,1.1092354620384286,-1.1261674701251285,1.0515712281065748,10682,1,0,1.0515712281065748,-1.0515712281065746,17
27/10/2022 16:02:15.304,0.0,0.0,1.0515712281065748,0.0,0.0,0.0,2.5799810959533205,1.5668893127952657,1.5699028414450318,1.0698214363491203,-1.1159263649832853,1.0515712281065748,10682,1,0,1.0515712281065748,-1.0515712281065746,17
27/10/2022 16:02:15.316,0.0,0.0,1.0515712281065748,0.0,0.0,0.0,2.5799810959533205,1.1641098840880315,0.5638475307142625,1.231856875294054,-1.1039784089844682,1.0515712281065748,10682,1,0,1.0515712281065748,-1.0515712281065746,17
27/10/2022 16:02:15.325,0.0,0.0,1.0515712281065748,0.0,0.0,0.0,2.4044934610505315,1.4672240553850913,1.3016214252501601,1.1793048410416431,-1.0920304529856513,1.0515712281065748,10682,1,0,1.0515712281065748,-1.0515712281065746,17
27/10/2022 16:02:15.335,0.0,0.0,1.0515712281065748,0.0,0.0,0.0,1.8780305563421644,2.0256789688073913,2.643028506224519,1.1048561258507277,-1.0800824969868341,1.0515712281065748,10682,1,0,1.0515712281065748,-1.0515712281065746,17
27/10/2022 16:02:15.346,0.0,0.0,1.0515712281065748,0.0,0.0,0.0,2.4044934610505315,1.3930928721874407,1.100410363104006,1.1574081601031385,-1.0664276901310432,1.0515712281065748,10682,1,0,1.0515712281065748,-1.0515712281065746,17
27/10/2022 16:02:15.357,0.0,0.0,1.0515712281065748,0.0,0.0,0.0,2.0535181912449536,1.6336073776731512,1.7040435495424677,1.2012015219801477,-1.0544797341322263,1.0515712281065748,10682,1,0,1.0515712281065748,-1.0515712281065746,17
27/10/2022 16:02:15.366,0.0,0.0,1.0515712281065748,0.0,0.0,0.0,2.0535181912449536,1.3370826448825492,0.9662696550065702,1.2756502371710632,-1.0408249272764352,1.0515712281065748,10682,1,0,1.0515712281065748,-1.0515712281065746,17
27/10/2022 16:02:15.379,0.0,0.0,1.0515712281065748,0.0,0.0,0.0,1.8780305563421644,1.5907760273811753,1.5699028414450318,1.2187188667309512,-1.0288769712776182,1.0515712281065748,10682,1,0,1.0515712281065748,-1.0515712281065746,17
27/10/2022 16:02:15.389,0.0,0.0,1.0515712281065748,0.0,0.0,0.0,2.5799810959533205,1.0800945431306943,0.36263646856810866,1.1705461686662413,-1.0152221644218273,1.0515712281065748,10682,1,0,1.0515712281065748,-1.0515712281065746,17
27/10/2022 16:02:15.398,0.0,0.0,1.0515712281065748,0.0,0.0,0.0,2.0535181912449536,1.2019991555001641,0.6979882388116985,1.2668915647956613,-1.0015673575660364,1.0515712281065748,10682,1,0,1.0515712281065748,-1.0515712281065746,17
27/10/2022 16:02:15.408,0.0,0.0,1.0515712281065748,0.0,0.0,0.0,2.0535181912449536,1.0685630257443932,0.36263646856810866,1.3150642628603713,-0.9896194015672194,1.0515712281065748,10682,1,0,1.0515712281065748,-1.0515712281065746,17
27/10/2022 16:02:15.418,0.0,0.0,1.0515712281065748,0.0,0.0,0.0,2.0535181912449536,0.9046507428962549,-0.039785655724199044,1.2756502371710632,-0.9759645947114284,1.0515712281065748,10682,1,0,1.0515712281065748,-1.0515712281065746,17
27/10/2022 16:02:15.428,0.0,0.0,1.0515712281065748,0.0,0.0,0.0,1.8780305563421644,0.825577480818761,-0.2409967178703529,1.332581607611175,-0.9623097878556375,1.0515712281065748,10682,1,0,1.0515712281065748,-1.0515712281065746,17
27/10/2022 16:02:15.439,0.0,0.0,1.0515712281065748,0.0,0.0,0.0,1.8780305563421644,0.7201464647154359,-0.5092781340652247,1.3194435990480722,-0.9452412792858988,1.0515712281065748,10682,1,0,1.0515712281065748,-1.0515712281065746,17
27/10/2022 16:02:15.449,0.0,0.0,1.0515712281065748,0.0,0.0,0.0,1.3515676516337976,0.8642904320442008,-0.106856009772917,1.371995633300483,-0.931586472430108,1.0515712281065748,10682,1,0,1.0515712281065748,-1.0515712281065746,17
27/10/2022 16:02:15.46,0.0,0.0,1.0515712281065748,0.0,0.0,0.0,1.5270552865365865,0.807456524926002,-0.30806707191907085,1.3019262542972685,-0.917931665574317,1.0515712281065748,10682,1,0,1.0515712281065748,-1.0515712281065746,17
27/10/2022 16:02:15.47,0.0,0.0,1.0515712281065748,0.0,0.0,0.0,1.7025429214393755,0.6929650308762973,-0.5763484881139427,1.3194435990480722,-0.9042768587185261,1.0515712281065748,10682,1,0,1.0515712281065748,-1.0515712281065746,17
27/10/2022 16:02:15.48,0.0,0.0,1.0515712281065748,0.0,0.0,0.0,1.3515676516337976,0.955718891321303,0.09435505237323687,1.2668915647956613,-0.8906220518627352,1.0515712281065748,10682,1,0,1.0515712281065748,-1.0515712281065746,17
27/10/2022 16:02:15.491,0.0,0.0,1.0515712281065748,0.0,0.0,0.0,1.3515676516337976,0.6386021631980203,-0.7104891962113785,1.3413402799865768,-0.8769672450069443,1.0515712281065748,10682,1,0,1.0515712281065748,-1.0515712281065746,17
27/10/2022 16:02:15.502,0.0,0.0,1.0515712281065748,0.0,0.0,0.0,1.1760800167310086,0.6740203951702312,-0.5763484881139427,1.3150642628603713,-0.8633124381511534,1.0515712281065748,10682,1,0,1.0515712281065748,-1.0515712281065746,17
27/10/2022 16:02:15.512,0.0,0.0,1.0515712281065748,0.0,0.0,0.0,1.0005923818282196,0.6402495228246349,-0.6434188421626607,1.3632369609250814,-0.8496576312953625,1.0515712281065748,10682,1,0,1.0515712281065748,-1.0515712281065746,17
27/10/2022 16:02:15.522,0.0,0.0,1.0515712281065748,0.0,0.0,0.0,1.0005923818282196,0.5949471330927373,-0.7775595502600965,1.3457196161742777,-0.8360028244395715,1.0515712281065748,10682,1,0,1.0515712281065748,-1.0515712281065746,17
27/10/2022 16:02:15.532,0.0,0.0,1.0515712281065748,0.0,0.0,0.0,1.0005923818282196,0.6386021631980203,-0.7104891962113785,1.2625122286079604,-0.8223480175837806,1.0515712281065748,10682,1,0,1.0515712281065748,-1.0515712281065746,17
27/10/2022 16:02:15.544,0.0,0.0,1.0515712281065748,0.0,0.0,0.0,1.0005923818282196,0.6353074439447914,-0.7104891962113785,1.284408909546465,-0.8086932107279897,1.0515712281065748,10682,1,0,1.0515712281065748,-1.0515712281065746,17
27/10/2022 16:02:15.553,0.0,0.0,1.0515712281065748,0.0,0.0,0.0,0.6496171120226416,0.6122444091721891,-0.7104891962113785,1.3457196161742777,-0.7950384038721988,1.0515712281065748,10682,1,0,1.0515712281065748,-1.0515712281065746,17
27/10/2022 16:02:15.563,0.0,0.0,1.0515712281065748,0.0,0.0,0.0,0.8251047469254306,0.8898245062567248,-0.106856009772917,1.231856875294054,-0.7830904478733818,1.0515712281065748,10682,1,0,1.0515712281065748,-1.0515712281065746,17
27/10/2022 16:02:15.573,0.0,0.0,1.0515712281065748,0.0,0.0,0.0,1.0005923818282196,0.604831290852424,-0.7775595502600965,1.2581328924202595,-0.7694356410175909,1.0515712281065748,10682,1,0,1.0515712281065748,-1.0515712281065746,17
27/10/2022 16:02:15.583,0.0,0.0,1.0515712281065748,0.0,0.0,0.0,1.0005923818282196,0.7580357361275684,-0.3751374259677888,1.231856875294054,-0.7574876850187738,1.0515712281065748,10682,1,0,1.0515712281065748,-1.0515712281065746,17
27/10/2022 16:02:15.595,0.0,0.0,1.0515712281065748,0.0,0.0,0.0,1.0005923818282196,0.5801208964532072,-0.8446299043088145,1.2493742200448577,-0.7404191764490352,1.0515712281065748,10682,1,0,1.0515712281065748,-1.0515712281065746,17
27/10/2022 16:02:15.605,0.0,0.0,1.0515712281065748,0.0,0.0,0.0,0.12315420731427465,0.7028491886359841,-0.5092781340652247,1.4157889951774922,-0.7284712204502182,1.0515712281065748,10682,1,0,1.0515712281065748,-1.0515712281065746,17
27/10/2022 16:02:15.615,0.0,0.0,1.0515712281065748,0.0,0.0,0.0,0.6496171120226416,0.5134028315753218,-0.9787706124062504,1.3194435990480722,-0.7148164135944273,1.0515712281065748,10682,1,0,1.0515712281065748,-1.0515712281065746,17
27/10/2022 16:02:15.625,0.0,0.0,1.0515712281065748,0.0,0.0,0.0,0.6496171120226416,0.7086149473291347,-0.5092781340652247,1.2581328924202595,-0.7011616067386363,1.0515712281065748,10682,1,0,1.0515712281065748,-1.0515712281065746,17
27/10/2022 16:02:15.635,0.0,0.0,1.0515712281065748,0.0,0.0,0.0,0.6496171120226416,0.6040076110391168,-0.7775595502600965,1.2449948838571567,-0.6892136507398192,1.0515712281065748,10682,1,0,1.0515712281065748,-1.0515712281065746,17
27/10/2022 16:02:15.646,0.0,0.0,1.0515712281065748,0.0,0.0,0.0,0.4741294771198526,0.6213048871185686,-0.7104891962113785,1.2668915647956613,-0.6755588438840283,1.0515712281065748,10682,1,0,1.0515712281065748,-1.0515712281065746,17
27/10/2022 16:02:15.656,0.0,0.0,1.0515712281065748,0.0,0.0,0.0,0.29864184221706364,0.6814335134899961,-0.5763484881139427,1.2931675819218669,-0.6619040370282374,1.0515712281065748,10682,1,0,1.0515712281065748,-1.0515712281065746,17
27/10/2022 16:02:15.666,0.0,0.0,1.0515712281065748,0.0,0.0,0.0,0.4741294771198526,0.6806098336766889,-0.5763484881139427,1.2230982029186521,-0.6499560810294204,1.0515712281065748,10682,1,0,1.0515712281065748,-1.0515712281065746,17
27/10/2022 16:02:15.679,0.0,0.0,1.0515712281065748,0.0,0.0,0.0,0.4741294771198526,0.6476626411443999,-0.6434188421626607,1.2187188667309512,-0.6380081250306033,1.0515712281065748,10682,1,0,1.0515712281065748,-1.0515712281065746,17
27/10/2022 16:02:15.687,0.0,0.0,1.0515712281065748,0.0,0.0,0.0,0.12315420731427465,0.6657835970371588,-0.6434188421626607,1.3019262542972685,-0.6243533181748124,1.0515712281065748,10682,1,0,1.0515712281065748,-1.0515712281065746,17
27/10/2022 16:02:15.698,0.0,0.0,1.0515712281065748,0.0,0.0,0.0,0.4741294771198526,0.5751788175733639,-0.8446299043088145,1.2143395305432505,-0.6124053621759954,1.0515712281065748,10682,1,0,1.0515712281065748,-1.0515712281065746,17
27/10/2022 16:02:15.708,0.0,0.0,1.0515712281065748,0.0,0.0,0.0,0.4741294771198526,0.6847282327432251,-0.5763484881139427,1.2055808581678487,-0.5987505553202045,1.0515712281065748,10682,1,0,1.0515712281065748,-1.0515712281065746,17
27/10/2022 16:02:15.718,0.0,0.0,1.0515712281065748,0.0,0.0,0.0,0.4741294771198526,0.6913176712496829,-0.5763484881139427,1.1617874962908394,-0.5868025993213875,1.0515712281065748,10682,1,0,1.0515712281065748,-1.0515712281065746,17
27/10/2022 16:02:15.728,0.0,0.0,1.0515712281065748,0.0,0.0,0.0,0.4741294771198526,0.5578815414939121,-0.8446299043088145,1.2230982029186521,-0.5748546433225704,1.0515712281065748,10682,1,0,1.0515712281065748,-1.0515712281065746,17
27/10/2022 16:02:15.739,0.0,0.0,1.0515712281065748,0.0,0.0,0.0,0.29864184221706364,0.6591941585307011,-0.6434188421626607,1.2187188667309512,-0.5594929856098055,1.0515712281065748,10682,1,0,1.0515712281065748,-1.0515712281065746,17
27/10/2022 16:02:15.75,0.0,0.0,1.0515712281065748,0.0,0.0,0.0,0.4741294771198526,0.6641362374105444,-0.6434188421626607,1.183684177229344,-0.5475450296109885,1.0515712281065748,10682,1,0,1.0515712281065748,-1.0515712281065746,17
27/10/2022 16:02:15.76,0.0,0.0,1.0515712281065748,0.0,0.0,0.0,0.4741294771198526,0.5447026644809965,-0.9117002583575324,1.183684177229344,-0.5355970736121715,1.0515712281065748,10682,1,0,1.0515712281065748,-1.0515712281065746,17
27/10/2022 16:02:15.77,0.0,0.0,1.0515712281065748,0.0,0.0,0.0,-0.22782106249130332,0.6970834299428336,-0.5092781340652247,1.3106849266726703,-0.5236491176133544,1.0515712281065748,10682,1,0,1.0515712281065748,-1.0515712281065746,17
27/10/2022 16:02:15.78,0.0,0.0,1.0515712281065748,0.0,0.0,0.0,0.4741294771198526,0.6460152815177854,-0.6434188421626607,1.1574081601031385,-0.5099943107575635,1.0515712281065748,10682,1,0,1.0515712281065748,-1.0515712281065746,17
27/10/2022 16:02:15.79,0.0,0.0,1.0515712281065748,0.0,0.0,0.0,0.6496171120226416,0.5990655321592735,-0.7775595502600965,1.1223734706015314,-0.49975320561572034,1.0515712281065748,10682,1,0,1.0515712281065748,-1.0515712281065746,17
27/10/2022 16:02:15.801,0.0,0.0,1.0515712281065748,0.0,0.0,0.0,0.29864184221706364,0.6946123905029118,-0.5763484881139427,1.1749255048539422,-0.4878052496169033,1.0515712281065748,10682,1,0,1.0515712281065748,-1.0515712281065746,17
27/10/2022 16:02:15.811,0.0,0.0,1.0515712281065748,0.0,0.0,0.0,0.29864184221706364,0.7547410168743395,-0.3751374259677888,1.1661668324785404,-0.47585729361808626,1.0515712281065748,10682,1,0,1.0515712281065748,-1.0515712281065746,17
27/10/2022 16:02:15.823,0.0,0.0,1.0515712281065748,0.0,0.0,0.0,0.4741294771198526,0.6748440749835384,-0.5763484881139427,1.1223734706015314,-0.46390933761926917,1.0515712281065748,10682,1,0,1.0515712281065748,-1.0515712281065746,17
27/10/2022 16:02:15.833,0.0,0.0,1.0515712281065748,0.0,0.0,0.0,0.29864184221706364,0.7514462976211105,-0.3751374259677888,1.1355114791646341,-0.45196138162045213,1.0515712281065748,10682,1,0,1.0515712281065748,-1.0515712281065746,17
27/10/2022 16:02:15.842,0.0,0.0,1.0515712281065748,0.0,0.0,0.0,0.29864184221706364,0.7679198938872551,-0.3751374259677888,1.1398908153523348,-0.4383065747646612,1.0515712281065748,10682,1,0,1.0515712281065748,-1.0515712281065746,17
27/10/2022 16:02:15.853,0.0,0.0,1.0515712281065748,0.0,0.0,0.0,0.4741294771198526,0.7012018290093697,-0.5092781340652247,1.1442701515400358,-0.42806546962281805,1.0515712281065748,10682,1,0,1.0515712281065748,-1.0515712281065746,17
27/10/2022 16:02:15.863,0.0,0.0,1.0515712281065748,0.0,0.0,0.0,0.4741294771198526,0.7539173370610323,-0.3751374259677888,1.082959444912223,-0.41441066276702715,1.0515712281065748,10682,1,0,1.0515712281065748,-1.0515712281065746,17
27/10/2022 16:02:15.873,0.0,0.0,1.0515712281065748,0.0,0.0,0.0,0.6496171120226416,0.6583704787173938,-0.6434188421626607,1.047924755410616,-0.40246270676821005,1.0515712281065748,10682,1,0,1.0515712281065748,-1.0515712281065746,17
27/10/2022 16:02:15.883,0.0,0.0,1.0515712281065748,0.0,0.0,0.0,0.12315420731427465,0.6937887106896046,-0.5763484881139427,1.2055808581678487,-0.390514750769393,1.0515712281065748,10682,1,0,1.0515712281065748,-1.0515712281065746,17
27/10/2022 16:02:15.895,0.0,0.0,1.0515712281065748,0.0,0.0,0.0,0.4741294771198526,0.7827461305267852,-0.30806707191907085,1.0960974534753258,-0.378566794770576,1.0515712281065748,10682,1,0,1.0515712281065748,-1.0515712281065746,17
27/10/2022 16:02:15.904,0.0,0.0,1.0515712281065748,0.0,0.0,0.0,0.4741294771198526,0.6015365715991952,-0.7775595502600965,1.1136147982261295,-0.36661883877175894,1.0515712281065748,10682,1,0,1.0515712281065748,-1.0515712281065746,17
27/10/2022 16:02:15.915,0.0,0.0,1.0515712281065748,0.0,0.0,0.0,0.29864184221706364,0.6690783162903878,-0.5763484881139427,1.1486494877277367,-0.3546708827729419,1.0515712281065748,10682,1,0,1.0515712281065748,-1.0515712281065746,17
27/10/2022 16:02:15.925,0.0,0.0,1.0515712281065748,0.0,0.0,0.0,0.29864184221706364,0.7440331793013455,-0.44220778001650674,1.1486494877277367,-0.34272292677412486,1.0515712281065748,10682,1,0,1.0515712281065748,-1.0515712281065746,17
27/10/2022 16:02:15.935,0.0,0.0,1.0515712281065748,0.0,0.0,0.0,0.29864184221706364,0.8140459634324598,-0.2409967178703529,1.0960974534753258,-0.33077497077530776,1.0515712281065748,10682,1,0,1.0515712281065748,-1.0515712281065746,17
27/10/2022 16:02:15.945,0.0,0.0,1.0515712281065748,0.0,0.0,0.0,0.4741294771198526,0.6427205622645565,-0.6434188421626607,1.1442701515400358,-0.3188270147764907,1.0515712281065748,10682,1,0,1.0515712281065748,-1.0515712281065746,17
27/10/2022 16:02:15.957,0.0,0.0,1.0515712281065748,0.0,0.0,0.0,0.29864184221706364,0.597418172532659,-0.7775595502600965,1.1617874962908394,-0.3051722079206998,1.0515712281065748,10682,1,0,1.0515712281065748,-1.0515712281065746,17
27/10/2022 16:02:15.967,0.0,0.0,1.0515712281065748,0.0,0.0,0.0,0.4741294771198526,0.7563883765009539,-0.3751374259677888,1.1136147982261295,-0.2932242519218828,1.0515712281065748,10682,1,0,1.0515712281065748,-1.0515712281065746,17
27/10/2022 16:02:15.977,0.0,0.0,1.0515712281065748,0.0,0.0,0.0,0.29864184221706364,0.9260664180422429,0.027284698324518908,1.0610627639737185,-0.2829831467800396,1.0515712281065748,10682,1,0,1.0515712281065748,-1.0515712281065746,17
27/10/2022 16:02:15.987,0.0,0.0,1.0515712281065748,0.0,0.0,0.0,0.12315420731427465,0.8305195596986044,-0.2409967178703529,1.1355114791646341,-0.2710351907812225,1.0515712281065748,10682,1,0,1.0515712281065748,-1.0515712281065746,17
27/10/2022 16:02:15.998,0.0,0.0,1.0515712281065748,0.0,0.0,0.0,0.29864184221706364,0.8502878752179779,-0.17392636382163496,1.0785801087245221,-0.2590872347824055,1.0515712281065748,10682,1,0,1.0515712281065748,-1.0515712281065746,17
27/10/2022 16:02:16.008,0.0,0.0,1.0515712281065748,0.0,0.0,0.0,0.4741294771198526,0.7267359032218937,-0.44220778001650674,1.0785801087245221,-0.24713927878358843,1.0515712281065748,10682,1,0,1.0515712281065748,-1.0515712281065746,17
27/10/2022 16:02:16.018,0.0,0.0,1.0515712281065748,0.0,0.0,0.0,0.12315420731427465,0.7201464647154359,-0.5092781340652247,1.1749255048539422,-0.23689817364174526,1.0515712281065748,10682,1,0,1.0515712281065748,-1.0515712281065746,17
27/10/2022 16:02:16.028,0.0,0.0,1.0515712281065748,0.0,0.0,0.0,0.4741294771198526,0.8733509099905803,-0.106856009772917,1.0566834277860178,-0.22495021764292822,1.0515712281065748,10682,1,0,1.0515712281065748,-1.0515712281065746,17
27/10/2022 16:02:16.04,0.0,0.0,1.0515712281065748,0.0,0.0,0.0,0.29864184221706364,0.7440331793013455,-0.44220778001650674,1.1179941344138304,-0.2112954107871373,1.0515712281065748,10682,1,0,1.0515712281065748,-1.0515712281065746,17
27/10/2022 16:02:16.049,0.0,0.0,1.0515712281065748,0.0,0.0,0.0,0.12315420731427465,1.0273790350790317,0.22849576047067277,1.0654421001614194,-0.19934745478832025,1.0515712281065748,10682,1,0,1.0515712281065748,-1.0515712281065746,17
27/10/2022 16:02:16.059,0.0,0.0,1.0515712281065748,0.0,0.0,0.0,0.29864184221706364,0.984547684787056,0.16142540642195483,1.087338781099924,-0.18910634964647707,1.0515712281065748,10682,1,0,1.0515712281065748,-1.0515712281065746,17
27/10/2022 16:02:16.07,0.0,0.0,1.0515712281065748,0.0,0.0,0.0,0.29864184221706364,1.0397342322786403,0.29556611451939074,1.039166083035214,-0.17886524450463387,1.0515712281065748,10682,1,0,1.0515712281065748,-1.0515712281065746,17
27/10/2022 16:02:16.081,0.0,0.0,1.0515712281065748,0.0,0.0,0.0,0.4741294771198526,0.8058091652993875,-0.30806707191907085,1.0785801087245221,-0.16691728850581683,1.0515712281065748,10682,1,0,1.0515712281065748,-1.0515712281065746,17
27/10/2022 16:02:16.091,0.0,0.0,1.0515712281065748,0.0,0.0,0.0,0.4741294771198526,0.7209701445287431,-0.5092781340652247,1.1004767896630268,-0.1549693325069998,1.0515712281065748,10682,1,0,1.0515712281065748,-1.0515712281065746,17
27/10/2022 16:02:16.102,0.0,0.0,1.0515712281065748,0.0,0.0,0.0,0.6496171120226416,0.7250885435952793,-0.44220778001650674,1.0566834277860178,-0.14302137650818272,1.0515712281065748,10682,1,0,1.0515712281065748,-1.0515712281065746,17
27/10/2022 16:02:16.112,0.0,0.0,1.0515712281065748,0.0,0.0,0.0,0.29864184221706364,0.644367921891171,-0.6434188421626607,1.1661668324785404,-0.13107342050936568,1.0515712281065748,10682,1,0,1.0515712281065748,-1.0515712281065746,17
27/10/2022 16:02:16.123,0.0,0.0,1.0515712281065748,0.0,0.0,0.0,0.29864184221706364,0.7827461305267852,-0.30806707191907085,1.1442701515400358,-0.11912546451054863,1.0515712281065748,10682,1,0,1.0515712281065748,-1.0515712281065746,17
27/10/2022 16:02:16.133,0.0,0.0,1.0515712281065748,0.0,0.0,0.0,0.12315420731427465,0.8766456292438092,-0.106856009772917,1.1398908153523348,-0.10888435936870544,1.0515712281065748,10682,1,0,1.0515712281065748,-1.0515712281065746,17
27/10/2022 16:02:16.143,0.0,0.0,1.0515712281065748,0.0,0.0,0.0,0.29864184221706364,0.7300306224751226,-0.44220778001650674,1.1311321429769332,-0.0969364033698884,1.0515712281065748,10682,1,0,1.0515712281065748,-1.0515712281065746,17
27/10/2022 16:02:16.153,0.0,0.0,1.0515712281065748,0.0,0.0,0.0,0.4741294771198526,0.7044965482625986,-0.5092781340652247,1.1048561258507277,-0.08498844737107135,1.0515712281065748,10682,1,0,1.0515712281065748,-1.0515712281065746,17
27/10/2022 16:02:16.164,0.0,0.0,1.0515712281065748,0.0,0.0,0.0,0.4741294771198526,0.6806098336766889,-0.5763484881139427,1.1004767896630268,-0.0730404913722543,1.0515712281065748,10682,1,0,1.0515712281065748,-1.0515712281065746,17
27/10/2022 16:02:16.174,0.0,0.0,1.0515712281065748,0.0,0.0,0.0,-0.052333427588514336,0.7629778150074117,-0.3751374259677888,1.2099601943555496,-0.06279938623041112,1.0515712281065748,10682,1,0,1.0515712281065748,-1.0515712281065746,17
27/10/2022 16:02:16.184,0.0,0.0,1.0515712281065748,0.0,0.0,0.0,0.12315420731427465,0.8642904320442008,-0.106856009772917,1.1048561258507277,-0.050851430231594066,1.0515712281065748,10682,1,0,1.0515712281065748,-1.0515712281065746,17
27/10/2022 16:02:16.194,0.0,0.0,1.0515712281065748,0.0,0.0,0.0,0.4741294771198526,0.8799403484970381,-0.106856009772917,1.0523040915983168,-0.03890347423277701,1.0515712281065748,10682,1,0,1.0515712281065748,-1.0515712281065746,17
27/10/2022 16:02:16.205,0.0,0.0,1.0515712281065748,0.0,0.0,0.0,0.29864184221706364,1.1237495732359775,0.49677717666554455,1.043545419222915,-0.025248667376986104,1.0515712281065748,10682,1,0,1.0515712281065748,-1.0515712281065746,17
27/10/2022 16:02:16.215,0.0,0.0,1.0515712281065748,0.0,0.0,0.0,0.29864184221706364,0.8033381258594658,-0.30806707191907085,1.1092354620384286,-0.015007562235142918,1.0515712281065748,10682,1,0,1.0515712281065748,-1.0515712281065746,17
27/10/2022 16:02:16.224,0.0,0.0,1.0515712281065748,0.0,0.0,0.0,0.29864184221706364,0.6946123905029118,-0.5763484881139427,1.1486494877277367,-0.006473307950273598,1.0515712281065748,10682,1,0,1.0515712281065748,-1.0515712281065746,17
27/10/2022 16:02:16.236,0.0,0.0,1.0515712281065748,0.0,0.0,0.0,0.4741294771198526,0.7094386271424419,-0.5092781340652247,1.087338781099924,0.00888834976249118,1.0515712281065748,10682,1,0,1.0515712281065748,-1.0515712281065746,17
27/10/2022 16:02:16.246,0.0,0.0,1.0515712281065748,0.0,0.0,0.0,-0.052333427588514336,1.0331447937721825,0.29556611451939074,1.1530288239154376,0.019129454904334365,1.0515712281065748,10682,1,0,1.0515712281065748,-1.0515712281065746,17
27/10/2022 16:02:16.257,0.0,0.0,1.0515712281065748,0.0,0.0,0.0,0.4741294771198526,0.919476979535785,-0.039785655724199044,1.0523040915983168,0.031077410903151415,1.0515712281065748,10682,1,0,1.0515712281065748,-1.0515712281065746,17
27/10/2022 16:02:16.267,0.0,0.0,1.0515712281065748,0.0,0.0,0.0,0.4741294771198526,0.7399147802348094,-0.44220778001650674,1.0698214363491203,0.04302536690196846,1.0515712281065748,10682,1,0,1.0515712281065748,-1.0515712281065746,17
27/10/2022 16:02:16.278,0.0,0.0,1.0515712281065748,0.0,0.0,0.0,0.12315420731427465,0.8873534668168032,-0.106856009772917,1.1092354620384286,0.056680173757759376,1.0515712281065748,10682,1,0,1.0515712281065748,-1.0515712281065746,17
27/10/2022 16:02:16.289,0.0,0.0,1.0515712281065748,0.0,0.0,0.0,0.4741294771198526,0.7778040516469418,-0.3751374259677888,1.1092354620384286,0.0652144280426287,1.0515712281065748,10682,1,0,1.0515712281065748,-1.0515712281065746,17
27/10/2022 16:02:16.298,0.0,0.0,1.0515712281065748,0.0,0.0,0.0,0.29864184221706364,0.9581899307612247,0.09435505237323687,1.0566834277860178,0.07716238404144575,1.0515712281065748,10682,1,0,1.0515712281065748,-1.0515712281065746,17
27/10/2022 16:02:16.31,0.0,0.0,1.0515712281065748,0.0,0.0,0.0,0.4741294771198526,0.7555646966876467,-0.3751374259677888,1.082959444912223,0.08911034004026279,1.0515712281065748,10682,1,0,1.0515712281065748,-1.0515712281065746,17
27/10/2022 16:02:16.319,0.0,0.0,1.0515712281065748,0.0,0.0,0.0,0.4741294771198526,0.6245996063717975,-0.7104891962113785,1.1442701515400358,0.10105829603907984,1.0515712281065748,10682,1,0,1.0515712281065748,-1.0515712281065746,17
27/10/2022 16:02:16.329,0.0,0.0,1.0515712281065748,0.0,0.0,0.0,0.29864184221706364,0.7613304553807972,-0.3751374259677888,1.1136147982261295,0.1130062520378969,1.0515712281065748,10682,1,0,1.0515712281065748,-1.0515712281065746,17
27/10/2022 16:02:16.339,0.0,0.0,1.0515712281065748,0.0,0.0,0.0,0.29864184221706364,0.8272248404453755,-0.2409967178703529,1.1004767896630268,0.12495420803671395,1.0515712281065748,10682,1,0,1.0515712281065748,-1.0515712281065746,17
27/10/2022 16:02:16.349,0.0,0.0,1.0515712281065748,0.0,0.0,0.0,0.4741294771198526,0.6666072768504661,-0.6434188421626607,1.1136147982261295,0.13519531317855712,1.0515712281065748,10682,1,0,1.0515712281065748,-1.0515712281065746,17
27/10/2022 16:02:16.36,0.0,0.0,1.0515712281065748,0.0,0.0,0.0,0.4741294771198526,0.8016907662328514,-0.30806707191907085,1.047924755410616,0.14885012003434803,1.0515712281065748,10682,1,0,1.0515712281065748,-1.0515712281065746,17
27/10/2022 16:02:16.371,0.0,0.0,1.0515712281065748,0.0,0.0,0.0,0.6496171120226416,0.6377784833847131,-0.7104891962113785,1.047924755410616,0.1607980760331651,1.0515712281065748,10682,1,0,1.0515712281065748,-1.0515712281065746,17
27/10/2022 16:02:16.381,0.0,0.0,1.0515712281065748,0.0,0.0,0.0,0.29864184221706364,0.6105970495455746,-0.7775595502600965,1.1661668324785404,0.17274603203198213,1.0515712281065748,10682,1,0,1.0515712281065748,-1.0515712281065746,17
27/10/2022 16:02:16.391,0.0,0.0,1.0515712281065748,0.0,0.0,0.0,0.12315420731427465,0.9565425711346103,0.09435505237323687,1.091718117287625,0.1846939880307992,1.0515712281065748,10682,1,0,1.0515712281065748,-1.0515712281065746,17
27/10/2022 16:02:16.402,0.0,0.0,1.0515712281065748,0.0,0.0,0.0,0.29864184221706364,0.7283832628485082,-0.44220778001650674,1.0742007725368212,0.19493509317264238,1.0515712281065748,10682,1,0,1.0515712281065748,-1.0515712281065746,17
27/10/2022 16:02:16.413,0.0,0.0,1.0515712281065748,0.0,0.0,0.0,0.29864184221706364,0.6839045529299179,-0.5763484881139427,1.1092354620384286,0.20688304917145942,1.0515712281065748,10682,1,0,1.0515712281065748,-1.0515712281065746,17
27/10/2022 16:02:16.422,0.0,0.0,1.0515712281065748,0.0,0.0,0.0,0.4741294771198526,0.8338142789518332,-0.2409967178703529,1.0566834277860178,0.2171241543133026,1.0515712281065748,10682,1,0,1.0515712281065748,-1.0515712281065746,17
27/10/2022 16:02:16.433,0.0,0.0,1.0515712281065748,0.0,0.0,0.0,0.29864184221706364,0.8280485202586827,-0.2409967178703529,1.0742007725368212,0.23077896116909352,1.0515712281065748,10682,1,0,1.0515712281065748,-1.0515712281065746,17
27/10/2022 16:02:16.443,0.0,0.0,1.0515712281065748,0.0,0.0,0.0,0.4741294771198526,0.6542520796508577,-0.6434188421626607,1.087338781099924,0.24272691716791056,1.0515712281065748,10682,1,0,1.0515712281065748,-1.0515712281065746,17
27/10/2022 16:02:16.453,0.0,0.0,1.0515712281065748,0.0,0.0,0.0,0.29864184221706364,0.6163628082387252,-0.7104891962113785,1.1398908153523348,0.2546748731667276,1.0515712281065748,10682,1,0,1.0515712281065748,-1.0515712281065746,17
27/10/2022 16:02:16.464,0.0,0.0,1.0515712281065748,0.0,0.0,0.0,0.29864184221706364,0.865114111857508,-0.106856009772917,1.1136147982261295,0.2649159783085708,1.0515712281065748,10682,1,0,1.0515712281065748,-1.0515712281065746,17
27/10/2022 16:02:16.474,0.0,0.0,1.0515712281065748,0.0,0.0,0.0,0.29864184221706364,0.8593483531643574,-0.17392636382163496,1.1048561258507277,0.27686393430738787,1.0515712281065748,10682,1,0,1.0515712281065748,-1.0515712281065746,17
27/10/2022 16:02:16.485,0.0,0.0,1.0515712281065748,0.0,0.0,0.0,0.4741294771198526,0.7325016619150443,-0.44220778001650674,1.087338781099924,0.2888118903062049,1.0515712281065748,10682,1,0,1.0515712281065748,-1.0515712281065746,17
27/10/2022 16:02:16.496,0.0,0.0,1.0515712281065748,0.0,0.0,0.0,0.29864184221706364,0.7629778150074117,-0.3751374259677888,1.1048561258507277,0.30075984630502195,1.0515712281065748,10682,1,0,1.0515712281065748,-1.0515712281065746,17
27/10/2022 16:02:16.505,0.0,0.0,1.0515712281065748,0.0,0.0,0.0,0.29864184221706364,0.8618193926042791,-0.17392636382163496,1.091718117287625,0.3110009514468651,1.0515712281065748,10682,1,0,1.0515712281065748,-1.0515712281065746,17
27/10/2022 16:02:16.515,0.0,0.0,1.0515712281065748,0.0,0.0,0.0,0.29864184221706364,0.8206354019389176,-0.2409967178703529,1.1092354620384286,0.32294890744568217,1.0515712281065748,10682,1,0,1.0515712281065748,-1.0515712281065746,17
27/10/2022 16:02:16.526,0.0,0.0,1.0515712281065748,0.0,0.0,0.0,0.4741294771198526,0.8066328451126947,-0.30806707191907085,1.0785801087245221,0.3348968634444992,1.0515712281065748,10682,1,0,1.0515712281065748,-1.0515712281065746,17
27/10/2022 16:02:16.537,0.0,0.0,1.0515712281065748,0.0,0.0,0.0,0.12315420731427465,0.810751244179231,-0.2409967178703529,1.1048561258507277,0.34855167030029016,1.0515712281065748,10682,1,0,1.0515712281065748,-1.0515712281065746,17
27/10/2022 16:02:16.545,0.0,0.0,1.0515712281065748,0.0,0.0,0.0,0.29864184221706364,0.6567231190907794,-0.6434188421626607,1.1486494877277367,0.3570859245851595,1.0515712281065748,10682,1,0,1.0515712281065748,-1.0515712281065746,17
27/10/2022 16:02:16.558,0.0,0.0,1.0515712281065748,0.0,0.0,0.0,0.4741294771198526,0.7374437407948876,-0.44220778001650674,1.0742007725368212,0.3707407314409504,1.0515712281065748,10682,1,0,1.0515712281065748,-1.0515712281065746,17
27/10/2022 16:02:16.567,0.0,0.0,1.0515712281065748,0.0,0.0,0.0,0.29864184221706364,0.7308543022884298,-0.44220778001650674,1.0960974534753258,0.3826886874397674,1.0515712281065748,10682,1,0,1.0515712281065748,-1.0515712281065746,17
27/10/2022 16:02:16.577,0.0,0.0,1.0515712281065748,0.0,0.0,0.0,0.12315420731427465,0.9590136105745319,0.09435505237323687,1.1267528067892323,0.39463664343858446,1.0515712281065748,10682,1,0,1.0515712281065748,-1.0515712281065746,17
27/10/2022 16:02:16.587,0.0,0.0,1.0515712281065748,0.0,0.0,0.0,0.4741294771198526,0.8824113879369598,-0.106856009772917,1.0347867468475132,0.4048777485804277,1.0515712281065748,10682,1,0,1.0515712281065748,-1.0515712281065746,17
27/10/2022 16:02:16.598,0.0,0.0,1.0515712281065748,0.0,0.0,0.0,0.29864184221706364,0.7432094994880383,-0.44220778001650674,1.1048561258507277,0.4168257045792447,1.0515712281065748,10682,1,0,1.0515712281065748,-1.0515712281065746,17
27/10/2022 16:02:16.611,0.0,0.0,1.0515712281065748,0.0,0.0,0.0,-0.052333427588514336,0.8898245062567248,-0.106856009772917,1.1355114791646341,0.43048051143503563,1.0515712281065748,10682,1,0,1.0515712281065748,-1.0515712281065746,17
27/10/2022 16:02:16.619,0.0,0.0,1.0515712281065748,0.0,0.0,0.0,0.29864184221706364,0.8140459634324598,-0.2409967178703529,1.091718117287625,0.43901476571990494,1.0515712281065748,10682,1,0,1.0515712281065748,-1.0515712281065746,17
27/10/2022 16:02:16.629,0.0,0.0,1.0515712281065748,0.0,0.0,0.0,0.12315420731427465,0.7983960469796225,-0.30806707191907085,1.1311321429769332,0.4492558708617481,1.0515712281065748,10682,1,0,1.0515712281065748,-1.0515712281065746,17
27/10/2022 16:02:16.64,0.0,0.0,1.0515712281065748,0.0,0.0,0.0,0.4741294771198526,0.7522699774344178,-0.3751374259677888,1.0566834277860178,0.4646175285745129,1.0515712281065748,10682,1,0,1.0515712281065748,-1.0515712281065746,17
27/10/2022 16:02:16.65,0.0,0.0,1.0515712281065748,0.0,0.0,0.0,0.29864184221706364,0.8461694761514418,-0.17392636382163496,1.0960974534753258,0.47656548457333,1.0515712281065748,10682,1,0,1.0515712281065748,-1.0515712281065746,17
27/10/2022 16:02:16.66,0.0,0.0,1.0515712281065748,0.0,0.0,0.0,0.29864184221706364,0.8247538010054538,-0.2409967178703529,1.0698214363491203,0.48680658971517315,1.0515712281065748,10682,1,0,1.0515712281065748,-1.0515712281065746,17
27/10/2022 16:02:16.67,0.0,0.0,1.0515712281065748,0.0,0.0,0.0,0.4741294771198526,0.6740203951702312,-0.5763484881139427,1.0698214363491203,0.4987545457139902,1.0515712281065748,10682,1,0,1.0515712281065748,-1.0515712281065746,17
27/10/2022 16:02:16.682,0.0,0.0,1.0515712281065748,0.0,0.0,0.0,0.4741294771198526,0.6649599172238516,-0.6434188421626607,1.1048561258507277,0.5107025017128073,1.0515712281065748,10682,1,0,1.0515712281065748,-1.0515712281065746,17
27/10/2022 16:02:16.691,0.0,0.0,1.0515712281065748,0.0,0.0,0.0,0.4741294771198526,0.706143907889213,-0.5092781340652247,1.0785801087245221,0.5209436068546505,1.0515712281065748,10682,1,0,1.0515712281065748,-1.0515712281065746,17
27/10/2022 16:02:16.702,0.0,0.0,1.0515712281065748,0.0,0.0,0.0,0.12315420731427465,0.6196575274919541,-0.7104891962113785,1.227477539106353,0.5345984137104414,1.0515712281065748,10682,1,0,1.0515712281065748,-1.0515712281065746,17
27/10/2022 16:02:16.713,0.0,0.0,1.0515712281065748,0.0,0.0,0.0,0.29864184221706364,0.7209701445287431,-0.5092781340652247,1.1442701515400358,0.5465463697092584,1.0515712281065748,10682,1,0,1.0515712281065748,-1.0515712281065746,17
27/10/2022 16:02:16.723,0.0,0.0,1.0515712281065748,0.0,0.0,0.0,-0.052333427588514336,0.9647793692676825,0.09435505237323687,1.1267528067892323,0.5567874748511016,1.0515712281065748,10682,1,0,1.0515712281065748,-1.0515712281065746,17
27/10/2022 16:02:16.733,0.0,0.0,1.0515712281065748,0.0,0.0,0.0,0.12315420731427465,0.7703909333271768,-0.3751374259677888,1.1355114791646341,0.5687354308499186,1.0515712281065748,10682,1,0,1.0515712281065748,-1.0515712281065746,17
27/10/2022 16:02:16.744,0.0,0.0,1.0515712281065748,0.0,0.0,0.0,0.4741294771198526,0.6896703116230685,-0.5763484881139427,1.1092354620384286,0.5806833868487357,1.0515712281065748,10682,1,0,1.0515712281065748,-1.0515712281065746,17
27/10/2022 16:02:16.755,0.0,0.0,1.0515712281065748,0.0,0.0,0.0,0.4741294771198526,0.6575467989040866,-0.6434188421626607,1.0785801087245221,0.5943381937045266,1.0515712281065748,10682,1,0,1.0515712281065748,-1.0515712281065746,17
27/10/2022 16:02:16.767,0.0,0.0,1.0515712281065748,0.0,0.0,0.0,0.29864184221706364,0.5891813743995867,-0.7775595502600965,1.1442701515400358,0.6062861497033436,1.0515712281065748,10682,1,0,1.0515712281065748,-1.0515712281065746,17
27/10/2022 16:02:16.775,0.0,0.0,1.0515712281065748,0.0,0.0,0.0,0.29864184221706364,0.6484863209577071,-0.6434188421626607,1.1179941344138304,0.6148204039882129,1.0515712281065748,10682,1,0,1.0515712281065748,-1.0515712281065746,17
27/10/2022 16:02:16.786,0.0,0.0,1.0515712281065748,0.0,0.0,0.0,0.29864184221706364,0.7621541351941045,-0.3751374259677888,1.1092354620384286,0.6301820617009777,1.0515712281065748,10682,1,0,1.0515712281065748,-1.0515712281065746,17
27/10/2022 16:02:16.796,0.0,0.0,1.0515712281065748,0.0,0.0,0.0,0.4741294771198526,0.6311890448782553,-0.7104891962113785,1.1004767896630268,0.6421300176997948,1.0515712281065748,10682,1,0,1.0515712281065748,-1.0515712281065746,17
27/10/2022 16:02:16.807,0.0,0.0,1.0515712281065748,0.0,0.0,0.0,0.29864184221706364,0.6435442420778638,-0.6434188421626607,1.1267528067892323,0.6540779736986119,1.0515712281065748,10682,1,0,1.0515712281065748,-1.0515712281065746,17
27/10/2022 16:02:16.818,0.0,0.0,1.0515712281065748,0.0,0.0,0.0,0.12315420731427465,0.6937887106896046,-0.5763484881139427,1.1574081601031385,0.664319078840455,1.0515712281065748,10682,1,0,1.0515712281065748,-1.0515712281065746,17
27/10/2022 16:02:16.827,0.0,0.0,1.0515712281065748,0.0,0.0,0.0,0.4741294771198526,0.6682546364770806,-0.5763484881139427,1.0654421001614194,0.6762670348392721,1.0515712281065748,10682,1,0,1.0515712281065748,-1.0515712281065746,17
27/10/2022 16:02:16.838,0.0,0.0,1.0515712281065748,0.0,0.0,0.0,0.4741294771198526,0.6394258430113277,-0.6434188421626607,1.1092354620384286,0.6882149908380891,1.0515712281065748,10682,1,0,1.0515712281065748,-1.0515712281065746,17
27/10/2022 16:02:16.847,0.0,0.0,1.0515712281065748,0.0,0.0,0.0,0.12315420731427465,0.8033381258594658,-0.30806707191907085,1.1311321429769332,0.7001629468369062,1.0515712281065748,10682,1,0,1.0515712281065748,-1.0515712281065746,17
27/10/2022 16:02:16.859,0.0,0.0,1.0515712281065748,0.0,0.0,0.0,0.12315420731427465,0.7670962140739479,-0.3751374259677888,1.1398908153523348,0.7104040519787493,1.0515712281065748,10682,1,0,1.0515712281065748,-1.0515712281065746,17
27/10/2022 16:02:16.869,0.0,0.0,1.0515712281065748,0.0,0.0,0.0,0.29864184221706364,0.7703909333271768,-0.3751374259677888,1.1004767896630268,0.7223520079775664,1.0515712281065748,10682,1,0,1.0515712281065748,-1.0515712281065746,17
27/10/2022 16:02:16.879,0.0,0.0,1.0515712281065748,0.0,0.0,0.0,0.29864184221706364,0.7547410168743395,-0.3751374259677888,1.091718117287625,0.7342999639763834,1.0515712281065748,10682,1,0,1.0515712281065748,-1.0515712281065746,17
27/10/2022 16:02:16.891,0.0,0.0,1.0515712281065748,0.0,0.0,0.0,0.29864184221706364,0.7399147802348094,-0.44220778001650674,1.1004767896630268,0.7445410691182266,1.0515712281065748,10682,1,0,1.0515712281065748,-1.0515712281065746,17
27/10/2022 16:02:16.9,0.0,0.0,1.0515712281065748,0.0,0.0,0.0,-0.052333427588514336,0.76050677556749,-0.3751374259677888,1.2012015219801477,0.7564890251170436,1.0515712281065748,10682,1,0,1.0515712281065748,-1.0515712281065746,17
27/10/2022 16:02:16.91,0.0,0.0,1.0515712281065748,0.0,0.0,0.0,0.12315420731427465,0.7596830957541828,-0.3751374259677888,1.1267528067892323,0.7684369811158607,1.0515712281065748,10682,1,0,1.0515712281065748,-1.0515712281065746,17
27/10/2022 16:02:16.92,0.0,0.0,1.0515712281065748,0.0,0.0,0.0,0.4741294771198526,0.6806098336766889,-0.5763484881139427,1.0698214363491203,0.7803849371146778,1.0515712281065748,10682,1,0,1.0515712281065748,-1.0515712281065746,17
27/10/2022 16:02:16.93,0.0,0.0,1.0515712281065748,0.0,0.0,0.0,0.12315420731427465,0.6641362374105444,-0.6434188421626607,1.183684177229344,0.7923328931134949,1.0515712281065748,10682,1,0,1.0515712281065748,-1.0515712281065746,17
27/10/2022 16:02:16.94,0.0,0.0,1.0515712281065748,0.0,0.0,0.0,0.12315420731427465,0.7629778150074117,-0.3751374259677888,1.1530288239154376,0.802573998255338,1.0515712281065748,10682,1,0,1.0515712281065748,-1.0515712281065746,17
27/10/2022 16:02:16.952,0.0,0.0,1.0515712281065748,0.0,0.0,0.0,0.29864184221706364,0.604831290852424,-0.7775595502600965,1.1398908153523348,0.8179356559681028,1.0515712281065748,10682,1,0,1.0515712281065748,-1.0515712281065746,17
27/10/2022 16:02:16.962,0.0,0.0,1.0515712281065748,0.0,0.0,0.0,0.12315420731427465,0.7761566920203273,-0.3751374259677888,1.1398908153523348,0.828176761109946,1.0515712281065748,10682,1,0,1.0515712281065748,-1.0515712281065746,17
27/10/2022 16:02:16.972,0.0,0.0,1.0515712281065748,0.0,0.0,0.0,0.4741294771198526,0.6764914346101528,-0.5763484881139427,1.0566834277860178,0.840124717108763,1.0515712281065748,10682,1,0,1.0515712281065748,-1.0515712281065746,17
27/10/2022 16:02:16.982,0.0,0.0,1.0515712281065748,0.0,0.0,0.0,0.29864184221706364,0.561176260747141,-0.8446299043088145,1.1398908153523348,0.8520726731075801,1.0515712281065748,10682,1,0,1.0515712281065748,-1.0515712281065746,17
27/10/2022 16:02:16.993,0.0,0.0,1.0515712281065748,0.0,0.0,0.0,0.12315420731427465,0.6682546364770806,-0.5763484881139427,1.1398908153523348,0.8640206291063971,1.0515712281065748,10682,1,0,1.0515712281065748,-1.0515712281065746,17
27/10/2022 16:02:17.004,0.0,0.0,1.0515712281065748,0.0,0.0,0.0,0.12315420731427465,0.7951013277263936,-0.30806707191907085,1.1004767896630268,0.8742617342482403,1.0515712281065748,10682,1,0,1.0515712281065748,-1.0515712281065746,17
27/10/2022 16:02:17.013,0.0,0.0,1.0515712281065748,0.0,0.0,0.0,0.29864184221706364,0.7555646966876467,-0.3751374259677888,1.1223734706015314,0.8862096902470573,1.0515712281065748,10682,1,0,1.0515712281065748,-1.0515712281065746,17
27/10/2022 16:02:17.024,0.0,0.0,1.0515712281065748,0.0,0.0,0.0,0.29864184221706364,0.6666072768504661,-0.6434188421626607,1.0960974534753258,0.8981576462458744,1.0515712281065748,10682,1,0,1.0515712281065748,-1.0515712281065746,17
27/10/2022 16:02:17.034,0.0,0.0,1.0515712281065748,0.0,0.0,0.0,0.29864184221706364,0.6295416852516409,-0.7104891962113785,1.1179941344138304,0.9101056022446915,1.0515712281065748,10682,1,0,1.0515712281065748,-1.0515712281065746,17
27/10/2022 16:02:17.044,0.0,0.0,1.0515712281065748,0.0,0.0,0.0,0.12315420731427465,0.6995544693827552,-0.5092781340652247,1.1530288239154376,0.9203467073865347,1.0515712281065748,10682,1,0,1.0515712281065748,-1.0515712281065746,17
27/10/2022 16:02:17.055,0.0,0.0,1.0515712281065748,0.0,0.0,0.0,0.29864184221706364,0.7802750910868634,-0.30806707191907085,1.0742007725368212,0.9340015142423256,1.0515712281065748,10682,1,0,1.0515712281065748,-1.0515712281065746,17
27/10/2022 16:02:17.065,0.0,0.0,1.0515712281065748,0.0,0.0,0.0,0.4741294771198526,0.6896703116230685,-0.5763484881139427,1.0566834277860178,0.9459494702411426,1.0515712281065748,10682,1,0,1.0515712281065748,-1.0515712281065746,17
27/10/2022 16:02:17.075,0.0,0.0,1.0515712281065748,0.0,0.0,0.0,0.12315420731427465,0.8544062742845141,-0.17392636382163496,1.1136147982261295,0.9578974262399597,1.0515712281065748,10682,1,0,1.0515712281065748,-1.0515712281065746,17
27/10/2022 16:02:17.086,0.0,0.0,1.0515712281065748,0.0,0.0,0.0,0.29864184221706364,0.7662725342606406,-0.3751374259677888,1.0523040915983168,0.9698453822387767,1.0515712281065748,10682,1,0,1.0515712281065748,-1.0515712281065746,17
27/10/2022 16:02:17.096,0.0,0.0,1.0515712281065748,0.0,0.0,0.0,0.6496171120226416,0.6740203951702312,-0.5763484881139427,1.0216487382844104,0.9800864873806199,1.0515712281065748,10682,1,0,1.0515712281065748,-1.0515712281065746,17
27/10/2022 16:02:17.107,0.0,0.0,1.0515712281065748,0.0,0.0,0.0,0.29864184221706364,0.6056549706657313,-0.7775595502600965,1.1705461686662413,0.9920344433794369,1.0515712281065748,10682,1,0,1.0515712281065748,-1.0515712281065746,17
27/10/2022 16:02:17.119,0.0,0.0,1.0515712281065748,0.0,0.0,0.0,0.29864184221706364,0.810751244179231,-0.2409967178703529,1.0742007725368212,1.003982399378254,1.0515712281065748,10682,1,0,1.0515712281065748,-1.0515712281065746,17
27/10/2022 16:02:17.128,0.0,0.0,1.0515712281065748,0.0,0.0,0.0,0.29864184221706364,0.6558994392774722,-0.6434188421626607,1.082959444912223,1.015930355377071,1.0515712281065748,10682,1,0,1.0515712281065748,-1.0515712281065746,17
27/10/2022 16:02:17.137,0.0,0.0,1.0515712281065748,0.0,0.0,0.0,-0.052333427588514336,0.8189880423123032,-0.2409967178703529,1.1486494877277367,1.027878311375888,1.0515712281065748,10682,1,0,1.0515712281065748,-1.0515712281065746,17
27/10/2022 16:02:17.147,0.0,0.0,1.0515712281065748,0.0,0.0,0.0,0.29864184221706364,0.6641362374105444,-0.6434188421626607,1.1486494877277367,1.0381194165177312,1.0515712281065748,10682,1,0,1.0515712281065748,-1.0515712281065746,17
27/10/2022 16:02:17.158,0.0,0.0,1.0515712281065748,0.0,0.0,0.0,0.29864184221706364,0.8404037174582911,-0.17392636382163496,1.0698214363491203,1.0500673725165484,1.0515712281065748,10682,1,0,1.0515712281065748,-1.0515712281065746,17
27/10/2022 16:02:17.169,0.0,0.0,1.0515712281065748,0.0,0.0,0.0,-0.052333427588514336,0.590005054212894,-0.7775595502600965,1.2143395305432505,1.0637221793723393,1.0515712281065748,10682,1,0,1.0515712281065748,-1.0515712281065746,17
27/10/2022 16:02:17.178,0.0,0.0,1.0515712281065748,0.0,0.0,0.0,0.29864184221706364,0.6764914346101528,-0.5763484881139427,1.087338781099924,1.0722564336572085,1.0515712281065748,10682,1,0,1.0515712281065748,-1.0515712281065746,17
27/10/2022 16:02:17.19,0.0,0.0,1.0515712281065748,0.0,0.0,0.0,0.4741294771198526,0.6937887106896046,-0.5763484881139427,1.0785801087245221,1.0859112405129994,1.0515712281065748,10682,1,0,1.0515712281065748,-1.0515712281065746,17
27/10/2022 16:02:17.2,0.0,0.0,1.0515712281065748,0.0,0.0,0.0,-0.052333427588514336,0.590005054212894,-0.7775595502600965,1.2230982029186521,1.0978591965118165,1.0515712281065748,10682,1,0,1.0515712281065748,-1.0515712281065746,17
27/10/2022 16:02:17.21,0.0,0.0,1.0515712281065748,0.0,0.0,0.0,0.12315420731427465,0.6756677547968456,-0.5763484881139427,1.1398908153523348,1.1098071525106334,1.0515712281065748,10682,1,0,1.0515712281065748,-1.0515712281065746,17
27/10/2022 16:02:17.221,0.0,0.0,1.0515712281065748,0.0,0.0,0.0,-0.052333427588514336,0.8115749239925382,-0.2409967178703529,1.1267528067892323,1.1200482576524768,1.0515712281065748,10682,1,0,1.0515712281065748,-1.0515712281065746,17
27/10/2022 16:02:17.23,0.0,0.0,1.0515712281065748,0.0,0.0,0.0,0.12315420731427465,0.7044965482625986,-0.5092781340652247,1.1136147982261295,1.1319962136512938,1.0515712281065748,10682,1,0,1.0515712281065748,-1.0515712281065746,17
27/10/2022 16:02:17.241,0.0,0.0,1.0515712281065748,0.0,0.0,0.0,0.29864184221706364,0.6682546364770806,-0.5763484881139427,1.1048561258507277,1.143944169650111,1.0515712281065748,10682,1,0,1.0515712281065748,-1.0515712281065746,17
27/10/2022 16:02:17.254,0.0,0.0,1.0515712281065748,0.0,0.0,0.0,0.29864184221706364,0.7300306224751226,-0.44220778001650674,1.082959444912223,1.1575989765059018,1.0515712281065748,10682,1,0,1.0515712281065748,-1.0515712281065746,17
27/10/2022 16:02:17.263,0.0,0.0,1.0515712281065748,0.0,0.0,0.0,0.29864184221706364,0.5636473001870627,-0.8446299043088145,1.1442701515400358,1.1695469325047188,1.0515712281065748,10682,1,0,1.0515712281065748,-1.0515712281065746,17
27/10/2022 16:02:17.273,0.0,0.0,1.0515712281065748,0.0,0.0,0.0,0.12315420731427465,0.7357963811682732,-0.44220778001650674,1.1004767896630268,1.181494888503536,1.0515712281065748,10682,1,0,1.0515712281065748,-1.0515712281065746,17
27/10/2022 16:02:17.285,0.0,0.0,1.0515712281065748,0.0,0.0,0.0,0.12315420731427465,0.7769803718336346,-0.3751374259677888,1.1267528067892323,1.1934428445023528,1.0515712281065748,10682,1,0,1.0515712281065748,-1.0515712281065746,17
27/10/2022 16:02:17.295,0.0,0.0,1.0515712281065748,0.0,0.0,0.0,0.12315420731427465,0.8609957127909719,-0.17392636382163496,1.0610627639737185,1.203683949644196,1.0515712281065748,10682,1,0,1.0515712281065748,-1.0515712281065746,17
27/10/2022 16:02:17.305,0.0,0.0,1.0515712281065748,0.0,0.0,0.0,0.29864184221706364,0.6764914346101528,-0.5763484881139427,1.087338781099924,1.2156319056430132,1.0515712281065748,10682,1,0,1.0515712281065748,-1.0515712281065746,17
27/10/2022 16:02:17.316,0.0,0.0,1.0515712281065748,0.0,0.0,0.0,0.12315420731427465,0.7110859867690564,-0.5092781340652247,1.0960974534753258,1.229286712498804,1.0515712281065748,10682,1,0,1.0515712281065748,-1.0515712281065746,17
27/10/2022 16:02:17.326,0.0,0.0,1.0515712281065748,0.0,0.0,0.0,0.29864184221706364,0.7670962140739479,-0.3751374259677888,1.0610627639737185,1.241234668497621,1.0515712281065748,10682,1,0,1.0515712281065748,-1.0515712281065746,17
27/10/2022 16:02:17.335,0.0,0.0,1.0515712281065748,0.0,0.0,0.0,-0.052333427588514336,0.8362853183917549,-0.17392636382163496,1.1749255048539422,1.2480620719255167,1.0515712281065748,10682,1,0,1.0515712281065748,-1.0515712281065746,17
27/10/2022 16:02:17.347,0.0,0.0,1.0515712281065748,0.0,0.0,0.0,0.12315420731427465,0.734972701354966,-0.44220778001650674,1.1442701515400358,1.2634237296382813,1.0515712281065748,10682,1,0,1.0515712281065748,-1.0515712281065746,17
27/10/2022 16:02:17.357,0.0,0.0,1.0515712281065748,0.0,0.0,0.0,-0.052333427588514336,0.8914718658833393,-0.106856009772917,1.0742007725368212,1.2753716856370985,1.0515712281065748,10682,1,0,1.0515712281065748,-1.0515712281065746,17
27/10/2022 16:02:17.368,0.0,0.0,1.0515712281065748,0.0,0.0,0.0,0.12315420731427465,0.7670962140739479,-0.3751374259677888,1.1004767896630268,1.2873196416359154,1.0515712281065748,10682,1,0,1.0515712281065748,-1.0515712281065746,17
27/10/2022 16:02:17.378,0.0,0.0,1.0515712281065748,0.0,0.0,0.0,0.29864184221706364,0.6641362374105444,-0.6434188421626607,1.1179941344138304,1.2992675976347325,1.0515712281065748,10682,1,0,1.0515712281065748,-1.0515712281065746,17
27/10/2022 16:02:17.389,0.0,0.0,1.0515712281065748,0.0,0.0,0.0,0.12315420731427465,0.6394258430113277,-0.6434188421626607,1.0960974534753258,1.3095087027765757,1.0515712281065748,10682,1,0,1.0515712281065748,-1.0515712281065746,17
27/10/2022 16:02:17.398,0.0,0.0,1.0515712281065748,0.0,0.0,0.0,-0.4033086973940923,0.6122444091721891,-0.7104891962113785,1.1793048410416431,1.3214566587753926,1.0515712281065748,10682,1,0,1.0515712281065748,-1.0515712281065746,17
27/10/2022 16:02:17.409,0.0,0.0,1.0515712281065748,0.0,0.0,0.0,-0.4033086973940923,0.6278943256250265,-0.7104891962113785,1.0785801087245221,1.3316977639172358,1.0515712281065748,10682,1,0,1.0515712281065748,-1.0515712281065746,17
27/10/2022 16:02:17.42,0.0,0.0,1.0515712281065748,0.0,0.0,0.0,-0.4033086973940923,0.5315237874680808,-0.9117002583575324,1.0610627639737185,1.3453525707730267,1.0515712281065748,10682,1,0,1.0515712281065748,-1.0515712281065746,17
27/10/2022 16:02:17.43,0.0,0.0,1.0515712281065748,0.0,0.0,0.0,-0.5787963322968813,0.6353074439447914,-0.7104891962113785,0.9690967040319994,1.35559367591487,1.0515712281065748,10682,1,0,1.0515712281065748,-1.0515712281065746,17
27/10/2022 16:02:17.44,0.0,0.0,1.0515712281065748,0.0,0.0,0.0,-0.9297716021024592,0.633660084318177,-0.7104891962113785,1.0172694020967095,1.365834781056713,1.0515712281065748,10682,1,0,1.0515712281065748,-1.0515712281065746,17
27/10/2022 16:02:17.451,0.0,0.0,1.0515712281065748,0.0,0.0,0.0,-1.1052592370052483,0.5628236203737554,-0.8446299043088145,0.9997520573459058,1.3760758861985563,1.0515712281065748,10682,1,0,1.0515712281065748,-1.0515712281065746,17
27/10/2022 16:02:17.461,0.0,0.0,1.0515712281065748,0.0,0.0,0.0,-1.1052592370052483,0.5117554719487074,-0.9787706124062504,0.9253033421549903,1.382903289626452,1.0515712281065748,10682,1,0,1.0515712281065748,-1.0515712281065746,17
27/10/2022 16:02:17.471,0.0,0.0,1.0515712281065748,0.0,0.0,0.0,-1.2807468719080373,0.6921413510629901,-0.5763484881139427,0.8727513079025795,1.3965580964822428,1.0515712281065748,10682,1,0,1.0515712281065748,-1.0515712281065746,17
27/10/2022 16:02:17.481,0.0,0.0,1.0515712281065748,0.0,0.0,0.0,-1.4562345068108262,0.44915580613735806,-1.1129113205036862,0.9384413507180931,1.405092350767112,1.0515712281065748,10682,1,0,1.0515712281065748,-1.0515712281065746,17
27/10/2022 16:02:17.491,0.0,0.0,1.0515712281065748,0.0,0.0,0.0,-1.4562345068108262,0.5512921029874542,-0.9117002583575324,0.8245786098378695,1.4136266050519815,1.0515712281065748,10682,1,0,1.0515712281065748,-1.0515712281065746,17
27/10/2022 16:02:17.502,0.0,0.0,1.0515712281065748,0.0,0.0,0.0,-1.8072097766164041,0.517521230641858,-0.9787706124062504,0.8771306440902804,1.4221608593368507,1.0515712281065748,10682,1,0,1.0515712281065748,-1.0515712281065746,17
27/10/2022 16:02:17.513,0.0,0.0,1.0515712281065748,0.0,0.0,0.0,-1.8072097766164041,0.5199922700817796,-0.9787706124062504,0.7720265755854585,1.43069511362172,1.0515712281065748,10682,1,0,1.0515712281065748,-1.0515712281065746,17
27/10/2022 16:02:17.523,0.0,0.0,1.0515712281065748,0.0,0.0,0.0,-1.982697411519193,0.6114207293588819,-0.7104891962113785,0.7413712222715522,1.4375225170496155,1.0515712281065748,10682,1,0,1.0515712281065748,-1.0515712281065746,17
27/10/2022 16:02:17.533,0.0,0.0,1.0515712281065748,0.0,0.0,0.0,-1.982697411519193,0.5356421865346169,-0.9117002583575324,0.7107158689576458,1.4460567713344847,1.0515712281065748,10682,1,0,1.0515712281065748,-1.0515712281065746,17
27/10/2022 16:02:17.544,0.0,0.0,1.0515712281065748,0.0,0.0,0.0,-2.1581850464219823,0.5035186738156351,-0.9787706124062504,0.6713018432683376,1.4545910256193542,1.0515712281065748,10682,1,0,1.0515712281065748,-1.0515712281065746,17
27/10/2022 16:02:17.555,0.0,0.0,1.0515712281065748,0.0,0.0,0.0,-2.3336726813247712,0.49692923530917726,-1.0458409664549684,0.701957196582244,1.4614184290472496,1.0515712281065748,10682,1,0,1.0515712281065748,-1.0515712281065746,17
27/10/2022 16:02:17.565,0.0,0.0,1.0515712281065748,0.0,0.0,0.0,-2.50916031622756,0.5842392955197434,-0.7775595502600965,0.7238538775207486,1.468245832475145,1.0515712281065748,10682,1,0,1.0515712281065748,-1.0515712281065746,17
27/10/2022 16:02:17.575,0.0,0.0,1.0515712281065748,0.0,0.0,0.0,-2.3336726813247712,0.5109317921354001,-0.9787706124062504,0.6581638347052349,1.4767800867600143,1.0515712281065748,10682,1,0,1.0515712281065748,-1.0515712281065746,17
27/10/2022 16:02:17.586,0.0,0.0,1.0515712281065748,0.0,0.0,0.0,-2.50916031622756,0.46068732352365926,-1.1129113205036862,0.7107158689576458,1.4836074901879097,1.0515712281065748,10682,1,0,1.0515712281065748,-1.0515712281065746,17
27/10/2022 16:02:17.597,0.0,0.0,1.0515712281065748,0.0,0.0,0.0,-2.3336726813247712,0.47963195922972546,-1.0458409664549684,0.6581638347052349,1.4921417444727791,1.0515712281065748,10682,1,0,1.0515712281065748,-1.0515712281065746,17
27/10/2022 16:02:17.607,0.0,0.0,1.0515712281065748,0.0,0.0,0.0,-2.3336726813247712,0.45409788501720144,-1.1129113205036862,0.7194745413330477,1.4989691479006746,1.0515712281065748,10682,1,0,1.0515712281065748,-1.0515712281065746,17
27/10/2022 16:02:17.619,0.0,0.0,1.0515712281065748,0.0,0.0,0.0,-2.3336726813247712,0.4862213977361833,-1.0458409664549684,0.653784498517534,1.50579655132857,1.0515712281065748,10682,1,0,1.0515712281065748,-1.0515712281065746,17
27/10/2022 16:02:17.628,0.0,0.0,1.0515712281065748,0.0,0.0,0.0,-2.3336726813247712,0.4087954952853039,-1.2470520286011222,0.701957196582244,1.5143308056134392,1.0515712281065748,10682,1,0,1.0515712281065748,-1.0515712281065746,17
27/10/2022 16:02:17.638,0.0,0.0,1.0515712281065748,0.0,0.0,0.0,-2.684647951130349,0.3157196763815872,-1.448263090747276,0.7807852479608604,1.521158209041335,1.0515712281065748,10682,1,0,1.0515712281065748,-1.0515712281065746,17
27/10/2022 16:02:17.648,0.0,0.0,1.0515712281065748,0.0,0.0,0.0,-3.035623220935927,0.2951276810489065,-1.515333444795994,0.798302592711664,1.5296924633262041,1.0515712281065748,10682,1,0,1.0515712281065748,-1.0515712281065746,17
27/10/2022 16:02:17.659,0.0,0.0,1.0515712281065748,0.0,0.0,0.0,-2.860135586033138,0.2646515279565391,-1.582403798844712,0.7588885670223559,1.5382267176110735,1.0515712281065748,10682,1,0,1.0515712281065748,-1.0515712281065746,17
27/10/2022 16:02:17.669,0.0,0.0,1.0515712281065748,0.0,0.0,0.0,-3.035623220935927,0.28112512422268365,-1.515333444795994,0.7588885670223559,1.545054121038969,1.0515712281065748,10682,1,0,1.0515712281065748,-1.0515712281065746,17
27/10/2022 16:02:17.68,0.0,0.0,1.0515712281065748,0.0,0.0,0.0,-2.860135586033138,0.25559105001015964,-1.582403798844712,0.7457505584592531,1.5535883753238382,1.0515712281065748,10682,1,0,1.0515712281065748,-1.0515712281065746,17
27/10/2022 16:02:17.689,0.0,0.0,1.0515712281065748,0.0,0.0,0.0,-3.035623220935927,0.23335169505086448,-1.6494741528934298,0.7545092308346549,1.5621226296087076,1.0515712281065748,10682,1,0,1.0515712281065748,-1.0515712281065746,17
27/10/2022 16:02:17.7,0.0,0.0,1.0515712281065748,0.0,0.0,0.0,-3.386598490741505,0.1674573099862863,-1.7836148609908657,0.8289579460255704,1.5706568838935768,1.0515712281065748,10682,1,0,1.0515712281065748,-1.0515712281065746,17
27/10/2022 16:02:17.71,0.0,0.0,1.0515712281065748,0.0,0.0,0.0,0.12315420731427465,0.1196838808144671,-1.9177555690883017,0.7895439203362622,1.5774842873214723,1.0515712281065748,10682,1,0,1.0515712281065748,-1.0515712281065746,17
27/10/2022 16:02:17.72,0.0,0.0,1.0515712281065748,0.0,0.0,0.0,0.12315420731427465,0.10897604324147314,-1.9177555690883017,0.8289579460255704,1.5860185416063417,1.0515712281065748,10682,1,0,1.0515712281065748,-1.0515712281065746,17
27/10/2022 16:02:17.731,0.0,0.0,1.0515712281065748,0.0,0.0,0.0,0.12315420731427465,0.10897604324147314,-1.9177555690883017,0.8070612650870658,1.5962596467481849,1.0515712281065748,10682,1,0,1.0515712281065748,-1.0515712281065746,17
27/10/2022 16:02:17.743,0.0,0.0,1.0515712281065748,0.0,0.0,0.0,0.12315420731427465,0.10815236342816592,-1.9177555690883017,0.7545092308346549,1.604793901033054,1.0515712281065748,10682,1,0,1.0515712281065748,-1.0515712281065746,17
27/10/2022 16:02:17.753,0.0,0.0,1.0515712281065748,0.0,0.0,0.0,0.12315420731427465,0.13203907801407552,-1.9177555690883017,0.7282332137084494,1.6116213044609495,1.0515712281065748,10682,1,0,1.0515712281065748,-1.0515712281065746,17
27/10/2022 16:02:17.764,0.0,0.0,1.0515712281065748,0.0,0.0,0.0,0.12315420731427465,0.1946387438254248,-1.7165445069421479,0.7238538775207486,1.620155558745819,1.0515712281065748,10682,1,0,1.0515712281065748,-1.0515712281065746,17
27/10/2022 16:02:17.773,0.0,0.0,1.0515712281065748,0.0,0.0,0.0,0.12315420731427465,0.19628610345203926,-1.7165445069421479,0.7588885670223559,1.6286898130306882,1.0515712281065748,10682,1,0,1.0515712281065748,-1.0515712281065746,17
27/10/2022 16:02:17.784,0.0,0.0,1.0515712281065748,0.0,0.0,0.0,0.12315420731427465,0.1946387438254248,-1.7165445069421479,0.7369918860838512,1.6355172164585836,1.0515712281065748,10682,1,0,1.0515712281065748,-1.0515712281065746,17
27/10/2022 16:02:17.794,0.0,0.0,1.0515712281065748,0.0,0.0,0.0,-3.386598490741505,0.25641472982346686,-1.582403798844712,0.6756811794560386,1.642344619886479,1.0515712281065748,10682,1,0,1.0515712281065748,-1.0515712281065746,17
27/10/2022 16:02:22.853,0.0,0.0,-0.950957931590205,0.0,0.0,0.0,-3.211110855838716,-0.985694428643832,0.42970682261682663,0.010022078925500298,1.642344619886479,-0.950957931590205,10682,0,1,-0.950957931590205,0.950957931590205,17
27/10/2022 16:02:22.864,0.0,0.0,-0.950957931590205,0.0,0.0,0.0,-3.386598490741505,-0.7904823128900192,-0.039785655724199044,-0.4936015826601043,1.6372240673155576,-0.950957931590205,10682,0,1,-0.950957931590205,0.950957931590205,17
27/10/2022 16:02:22.874,0.0,0.0,-0.950957931590205,0.0,0.0,0.0,0.12315420731427465,-1.264098205541675,1.100410363104006,-0.4936015826601043,1.6372240673155576,-0.950957931590205,10682,0,1,-0.950957931590205,0.950957931590205,17
27/10/2022 16:02:22.885,0.0,0.0,-0.950957931590205,0.0,0.0,0.0,-2.860135586033138,-1.1010096025068439,0.6979882388116985,-0.2833934456504606,1.6321035147446359,-0.950957931590205,10682,0,1,-0.950957931590205,0.950957931590205,17
27/10/2022 16:02:22.895,0.0,0.0,-0.950957931590205,0.0,0.0,0.0,-2.3336726813247712,-0.8094269485960854,0.027284698324518908,-0.33594547990287155,1.6286898130306882,-0.950957931590205,10682,0,1,-0.950957931590205,0.950957931590205,17
27/10/2022 16:02:22.905,0.0,0.0,-0.950957931590205,0.0,0.0,0.0,-2.3336726813247712,-1.423892089323277,1.502832487396314,-0.33594547990287155,1.6252761113167404,-0.950957931590205,10682,0,1,-0.950957931590205,0.950957931590205,17
27/10/2022 16:02:22.916,0.0,0.0,-0.950957931590205,0.0,0.0,0.0,-2.860135586033138,-1.9856417219988063,2.8442395683706727,-0.38849751415528244,1.620155558745819,-0.950957931590205,10682,0,1,-0.950957931590205,0.950957931590205,17
27/10/2022 16:02:22.926,0.0,0.0,-0.950957931590205,0.0,0.0,0.0,-2.3336726813247712,-1.7665428916590837,2.3076767359809294,-0.4498082207830952,1.6167418570318712,-0.950957931590205,10682,0,1,-0.950957931590205,0.950957931590205,17
27/10/2022 16:02:22.937,0.0,0.0,-0.950957931590205,0.0,0.0,0.0,-2.1581850464219823,-1.8077268823244452,2.441817444078365,-0.48922224647240337,1.6116213044609495,-0.950957931590205,10682,0,1,-0.950957931590205,0.950957931590205,17
27/10/2022 16:02:22.947,0.0,0.0,-0.950957931590205,0.0,0.0,0.0,-1.4562345068108262,-1.4387183259628071,1.502832487396314,-0.4673255655338988,1.604793901033054,-0.950957931590205,10682,0,1,-0.950957931590205,0.950957931590205,17
27/10/2022 16:02:22.957,0.0,0.0,-0.950957931590205,0.0,0.0,0.0,-2.1581850464219823,-2.181677517565926,3.3137320467116984,-0.4936015826601043,1.5996733484621326,-0.950957931590205,10682,0,1,-0.950957931590205,0.950957931590205,17
27/10/2022 16:02:22.968,0.0,0.0,-0.950957931590205,0.0,0.0,0.0,-1.1052592370052483,-1.6100437271307104,1.9723249657373396,-0.5198775997863098,1.594552795891211,-0.950957931590205,10682,0,1,-0.950957931590205,0.950957931590205,17
27/10/2022 16:02:22.978,0.0,0.0,-0.950957931590205,0.0,0.0,0.0,-0.9297716021024592,-1.7377140981933308,2.2406063819322113,-0.559291625475618,1.5877253924633155,-0.950957931590205,10682,0,1,-0.950957931590205,0.950957931590205,17
27/10/2022 16:02:22.987,0.0,0.0,-0.950957931590205,0.0,0.0,0.0,-0.7542839671996703,-1.7657192118457765,2.3076767359809294,-0.6687750301681407,1.58089798903542,-0.950957931590205,10682,0,1,-0.950957931590205,0.950957931590205,17
27/10/2022 16:02:22.999,0.0,0.0,-0.950957931590205,0.0,0.0,0.0,-0.22782106249130332,-1.6429909196629995,2.0393953197860575,-0.6424990130419352,1.5723637347505508,-0.950957931590205,10682,0,1,-0.950957931590205,0.950957931590205,17
27/10/2022 16:02:23.009,0.0,0.0,-0.950957931590205,0.0,0.0,0.0,0.12315420731427465,-1.3423477878058614,1.3016214252501601,-0.7607410901098598,1.5655363313226554,-0.950957931590205,10682,0,1,-0.950957931590205,0.950957931590205,17
27/10/2022 16:02:23.02,0.0,0.0,-0.950957931590205,0.0,0.0,0.0,0.12315420731427465,-1.3942396160442168,1.4357621333475958,-0.7738790986729625,1.557002077037786,-0.950957931590205,10682,0,1,-0.950957931590205,0.950957931590205,17
27/10/2022 16:02:23.03,0.0,0.0,-0.950957931590205,0.0,0.0,0.0,-0.052333427588514336,-1.4724891983084034,1.6369731954937499,-0.8483278138638779,1.5484678227529167,-0.950957931590205,10682,0,1,-0.950957931590205,0.950957931590205,17
27/10/2022 16:02:23.04,0.0,0.0,-0.950957931590205,0.0,0.0,0.0,0.29864184221706364,-1.246800929462223,1.100410363104006,-0.8658451586146816,1.5382267176110735,-0.950957931590205,10682,0,1,-0.950957931590205,0.950957931590205,17
27/10/2022 16:02:23.051,0.0,0.0,-0.950957931590205,0.0,0.0,0.0,0.4741294771198526,-0.8440215007549888,0.09435505237323687,-0.9359145376178961,1.5262787616122564,-0.950957931590205,10682,0,1,-0.950957931590205,0.950957931590205,17
27/10/2022 16:02:23.062,0.0,0.0,-0.950957931590205,0.0,0.0,0.0,0.12315420731427465,-1.0952438438136933,0.6979882388116985,-0.9797078994949052,1.5160376564704132,-0.950957931590205,10682,0,1,-0.950957931590205,0.950957931590205,17
27/10/2022 16:02:23.073,0.0,0.0,-0.950957931590205,0.0,0.0,0.0,0.4741294771198526,-0.9222710830191755,0.29556611451939074,-0.9578112185564007,1.50579655132857,-0.950957931590205,10682,0,1,-0.950957931590205,0.950957931590205,17
27/10/2022 16:02:23.082,0.0,0.0,-0.950957931590205,0.0,0.0,0.0,0.4741294771198526,-0.6974064939863025,-0.2409967178703529,-1.0322599337473162,1.4955554461867269,-0.950957931590205,10682,0,1,-0.950957931590205,0.950957931590205,17
27/10/2022 16:02:23.094,0.0,0.0,-0.950957931590205,0.0,0.0,0.0,0.12315420731427465,-0.8003664706497059,0.027284698324518908,-1.0935706403751289,1.481900639330936,-0.950957931590205,10682,0,1,-0.950957931590205,0.950957931590205,17
27/10/2022 16:02:23.104,0.0,0.0,-0.950957931590205,0.0,0.0,0.0,-0.052333427588514336,-0.9964022662168259,0.49677717666554455,-1.0585359508735215,1.4716595341890928,-0.950957931590205,10682,0,1,-0.950957931590205,0.950957931590205,17
27/10/2022 16:02:23.115,0.0,0.0,-0.950957931590205,0.0,0.0,0.0,0.29864184221706364,-0.703172252679453,-0.2409967178703529,-1.0585359508735215,1.4580047273333019,-0.950957931590205,10682,0,1,-0.950957931590205,0.950957931590205,17
27/10/2022 16:02:23.125,0.0,0.0,-0.950957931590205,0.0,0.0,0.0,0.29864184221706364,-0.5713834825502967,-0.5092781340652247,-1.0629152870612224,1.4477636221914587,-0.950957931590205,10682,0,1,-0.950957931590205,0.950957931590205,17
27/10/2022 16:02:23.135,0.0,0.0,-0.950957931590205,0.0,0.0,0.0,0.29864184221706364,-0.8390794218751456,0.09435505237323687,-1.041018606122718,1.4358156661926416,-0.950957931590205,10682,0,1,-0.950957931590205,0.950957931590205,17
27/10/2022 16:02:23.146,0.0,0.0,-0.950957931590205,0.0,0.0,0.0,0.12315420731427465,-0.8514346190747539,0.16142540642195483,-1.0497772784981199,1.4255745610507984,-0.950957931590205,10682,0,1,-0.950957931590205,0.950957931590205,17
27/10/2022 16:02:23.156,0.0,0.0,-0.950957931590205,0.0,0.0,0.0,0.12315420731427465,-0.6982301737996097,-0.2409967178703529,-1.0541566146858208,1.4136266050519815,-0.950957931590205,10682,0,1,-0.950957931590205,0.950957931590205,17
27/10/2022 16:02:23.166,0.0,0.0,-0.950957931590205,0.0,0.0,0.0,0.29864184221706364,-0.6941117747330736,-0.2409967178703529,-1.0059839166211106,1.4033854999101383,-0.950957931590205,10682,0,1,-0.950957931590205,0.950957931590205,17
27/10/2022 16:02:23.176,0.0,0.0,-0.950957931590205,0.0,0.0,0.0,0.12315420731427465,-0.9461577976050851,0.36263646856810866,-1.0016045804334097,1.3914375439113211,-0.950957931590205,10682,0,1,-0.950957931590205,0.950957931590205,17
27/10/2022 16:02:23.188,0.0,0.0,-0.950957931590205,0.0,0.0,0.0,0.29864184221706364,-0.713880090252447,-0.17392636382163496,-1.0235012613719143,1.379489587912504,-0.950957931590205,10682,0,1,-0.950957931590205,0.950957931590205,17
27/10/2022 16:02:23.197,0.0,0.0,-0.950957931590205,0.0,0.0,0.0,0.12315420731427465,-0.8613187768344407,0.16142540642195483,-1.0103632528088116,1.367541631913687,-0.950957931590205,10682,0,1,-0.950957931590205,0.950957931590205,17
27/10/2022 16:02:23.207,0.0,0.0,-0.950957931590205,0.0,0.0,0.0,0.12315420731427465,-0.6529277840677122,-0.3751374259677888,-1.036639269935017,1.3573005267718439,-0.950957931590205,10682,0,1,-0.950957931590205,0.950957931590205,17
27/10/2022 16:02:23.219,0.0,0.0,-0.950957931590205,0.0,0.0,0.0,-0.052333427588514336,-0.7484746424113506,-0.106856009772917,-1.0629152870612224,1.3453525707730267,-0.950957931590205,10682,0,1,-0.950957931590205,0.950957931590205,17
27/10/2022 16:02:23.228,0.0,0.0,-0.950957931590205,0.0,0.0,0.0,0.12315420731427465,-0.6908170554798447,-0.2409967178703529,-1.080432631812026,1.3334046147742098,-0.950957931590205,10682,0,1,-0.950957931590205,0.950957931590205,17
27/10/2022 16:02:23.239,0.0,0.0,-0.950957931590205,0.0,0.0,0.0,0.29864184221706364,-0.6348068281749533,-0.3751374259677888,-1.036639269935017,1.3214566587753926,-0.950957931590205,10682,0,1,-0.950957931590205,0.950957931590205,17
27/10/2022 16:02:23.25,0.0,0.0,-0.950957931590205,0.0,0.0,0.0,0.29864184221706364,-0.5672650834837606,-0.5763484881139427,-1.045397942310419,1.3112155536335495,-0.950957931590205,10682,0,1,-0.950957931590205,0.950957931590205,17
27/10/2022 16:02:23.26,0.0,0.0,-0.950957931590205,0.0,0.0,0.0,0.29864184221706364,-0.5944465173228991,-0.5092781340652247,-1.045397942310419,1.2992675976347325,-0.950957931590205,10682,0,1,-0.950957931590205,0.950957931590205,17
27/10/2022 16:02:23.27,0.0,0.0,-0.950957931590205,0.0,0.0,0.0,0.12315420731427465,-0.6315121089217243,-0.3751374259677888,-1.041018606122718,1.2890264924928894,-0.950957931590205,10682,0,1,-0.950957931590205,0.950957931590205,17
27/10/2022 16:02:23.28,0.0,0.0,-0.950957931590205,0.0,0.0,0.0,0.12315420731427465,-0.6504567446277906,-0.3751374259677888,-1.0760532956243252,1.2770785364940722,-0.950957931590205,10682,0,1,-0.950957931590205,0.950957931590205,17
27/10/2022 16:02:23.29,0.0,0.0,-0.950957931590205,0.0,0.0,0.0,-0.052333427588514336,-0.8267242246755372,0.09435505237323687,-1.0191219251842134,1.266837431352229,-0.950957931590205,10682,0,1,-0.950957931590205,0.950957931590205,17
27/10/2022 16:02:23.303,0.0,0.0,-0.950957931590205,0.0,0.0,0.0,0.12315420731427465,-0.6150385126555797,-0.44220778001650674,-1.0672946232489233,1.2531826244964381,-0.950957931590205,10682,0,1,-0.950957931590205,0.950957931590205,17
27/10/2022 16:02:23.313,0.0,0.0,-0.950957931590205,0.0,0.0,0.0,-0.052333427588514336,-0.6817565775334652,-0.2409967178703529,-1.045397942310419,1.241234668497621,-0.950957931590205,10682,0,1,-0.950957931590205,0.950957931590205,17
27/10/2022 16:02:23.322,0.0,0.0,-0.950957931590205,0.0,0.0,0.0,0.12315420731427465,-0.7855402340101758,-0.039785655724199044,-1.041018606122718,1.2309935633557778,-0.950957931590205,10682,0,1,-0.950957931590205,0.950957931590205,17
27/10/2022 16:02:23.334,0.0,0.0,-0.950957931590205,0.0,0.0,0.0,0.29864184221706364,-0.5318468515115498,-0.6434188421626607,-1.0629152870612224,1.217338756499987,-0.950957931590205,10682,0,1,-0.950957931590205,0.950957931590205,17
27/10/2022 16:02:23.344,0.0,0.0,-0.950957931590205,0.0,0.0,0.0,-0.052333427588514336,-0.5878570788164412,-0.5092781340652247,-1.1154673213136335,1.2070976513581437,-0.950957931590205,10682,0,1,-0.950957931590205,0.950957931590205,17
27/10/2022 16:02:23.355,0.0,0.0,-0.950957931590205,0.0,0.0,0.0,-0.4033086973940923,-0.7748323964371818,-0.039785655724199044,-1.1417433384398388,1.1951496953593268,-0.950957931590205,10682,0,1,-0.950957931590205,0.950957931590205,17
27/10/2022 16:02:23.364,0.0,0.0,-0.950957931590205,0.0,0.0,0.0,0.29864184221706364,-0.5573809257240738,-0.5763484881139427,-1.0147425889965125,1.1849085902174836,-0.950957931590205,10682,0,1,-0.950957931590205,0.950957931590205,17
27/10/2022 16:02:23.375,0.0,0.0,-0.950957931590205,0.0,0.0,0.0,0.29864184221706364,-0.5417310092712365,-0.5763484881139427,-1.0585359508735215,1.1729606342186665,-0.950957931590205,10682,0,1,-0.950957931590205,0.950957931590205,17
27/10/2022 16:02:23.386,0.0,0.0,-0.950957931590205,0.0,0.0,0.0,0.12315420731427465,-0.5260810928183992,-0.6434188421626607,-1.080432631812026,1.1627195290768233,-0.950957931590205,10682,0,1,-0.950957931590205,0.950957931590205,17
27/10/2022 16:02:23.396,0.0,0.0,-0.950957931590205,0.0,0.0,0.0,0.12315420731427465,-0.5623230046039172,-0.5763484881139427,-1.036639269935017,1.1507715730780064,-0.950957931590205,10682,0,1,-0.950957931590205,0.950957931590205,17
27/10/2022 16:02:23.406,0.0,0.0,-0.950957931590205,0.0,0.0,0.0,-0.052333427588514336,-0.5919754778829774,-0.5092781340652247,-1.0629152870612224,1.1405304679361632,-0.950957931590205,10682,0,1,-0.950957931590205,0.950957931590205,17
27/10/2022 16:02:23.416,0.0,0.0,-0.950957931590205,0.0,0.0,0.0,0.12315420731427465,-0.7443562433448144,-0.106856009772917,-1.0016045804334097,1.128582511937346,-0.950957931590205,10682,0,1,-0.950957931590205,0.950957931590205,17
27/10/2022 16:02:23.428,0.0,0.0,-0.950957931590205,0.0,0.0,0.0,0.12315420731427465,-0.4873681415929595,-0.7104891962113785,-1.080432631812026,1.1149277050815551,-0.950957931590205,10682,0,1,-0.950957931590205,0.950957931590205,17
27/10/2022 16:02:23.437,0.0,0.0,-0.950957931590205,0.0,0.0,0.0,0.12315420731427465,-0.47583662420665834,-0.7775595502600965,-1.0979499765628298,1.104686599939712,-0.950957931590205,10682,0,1,-0.950957931590205,0.950957931590205,17
27/10/2022 16:02:23.448,0.0,0.0,-0.950957931590205,0.0,0.0,0.0,-0.4033086973940923,-0.6315121089217243,-0.3751374259677888,-1.1548813470029415,1.0944454947978688,-0.950957931590205,10682,0,1,-0.950957931590205,0.950957931590205,17
27/10/2022 16:02:23.458,0.0,0.0,-0.950957931590205,0.0,0.0,0.0,-0.052333427588514336,-0.7575351203577301,-0.106856009772917,-1.0016045804334097,1.0824975387990516,-0.950957931590205,10682,0,1,-0.950957931590205,0.950957931590205,17
27/10/2022 16:02:23.468,0.0,0.0,-0.950957931590205,0.0,0.0,0.0,0.12315420731427465,-0.6479857051878688,-0.3751374259677888,-1.0235012613719143,1.0722564336572085,-0.950957931590205,10682,0,1,-0.950957931590205,0.950957931590205,17
27/10/2022 16:02:23.479,0.0,0.0,-0.950957931590205,0.0,0.0,0.0,0.12315420731427465,-0.753416721291194,-0.106856009772917,-1.0059839166211106,1.0620153285153653,-0.950957931590205,10682,0,1,-0.950957931590205,0.950957931590205,17
27/10/2022 16:02:23.489,0.0,0.0,-0.950957931590205,0.0,0.0,0.0,0.12315420731427465,-0.5120785359921763,-0.7104891962113785,-1.036639269935017,1.0500673725165484,-0.950957931590205,10682,0,1,-0.950957931590205,0.950957931590205,17
27/10/2022 16:02:23.499,0.0,0.0,-0.950957931590205,0.0,0.0,0.0,-0.052333427588514336,-0.5400836496446221,-0.6434188421626607,-1.080432631812026,1.0398262673747052,-0.950957931590205,10682,0,1,-0.950957931590205,0.950957931590205,17
27/10/2022 16:02:23.51,0.0,0.0,-0.950957931590205,0.0,0.0,0.0,-0.052333427588514336,-0.6109201135890436,-0.44220778001650674,-1.0585359508735215,1.0261714605189143,-0.950957931590205,10682,0,1,-0.950957931590205,0.950957931590205,17
27/10/2022 16:02:23.52,0.0,0.0,-0.950957931590205,0.0,0.0,0.0,0.12315420731427465,-0.5367889303913932,-0.6434188421626607,-1.0278805975596152,1.0142235045200971,-0.950957931590205,10682,0,1,-0.950957931590205,0.950957931590205,17
27/10/2022 16:02:23.53,0.0,0.0,-0.950957931590205,0.0,0.0,0.0,0.29864184221706364,-0.7328247259585132,-0.17392636382163496,-1.0191219251842134,1.003982399378254,-0.950957931590205,10682,0,1,-0.950957931590205,0.950957931590205,17
27/10/2022 16:02:23.541,0.0,0.0,-0.950957931590205,0.0,0.0,0.0,0.4741294771198526,-0.5079601369256402,-0.7104891962113785,-1.0629152870612224,0.9920344433794369,-0.950957931590205,10682,0,1,-0.950957931590205,0.950957931590205,17
27/10/2022 16:02:23.552,0.0,0.0,-0.950957931590205,0.0,0.0,0.0,-0.052333427588514336,-0.5886807586297484,-0.5092781340652247,-1.036639269935017,0.9817933382375937,-0.950957931590205,10682,0,1,-0.950957931590205,0.950957931590205,17
27/10/2022 16:02:23.562,0.0,0.0,-0.950957931590205,0.0,0.0,0.0,-0.052333427588514336,-0.6603409023874772,-0.30806707191907085,-1.080432631812026,0.9698453822387767,-0.950957931590205,10682,0,1,-0.950957931590205,0.950957931590205,17
27/10/2022 16:02:23.572,0.0,0.0,-0.950957931590205,0.0,0.0,0.0,-0.052333427588514336,-0.7427088837182,-0.106856009772917,-1.0322599337473162,0.9596042770969335,-0.950957931590205,10682,0,1,-0.950957931590205,0.950957931590205,17
27/10/2022 16:02:23.583,0.0,0.0,-0.950957931590205,0.0,0.0,0.0,-0.052333427588514336,-0.65951722257417,-0.30806707191907085,-1.036639269935017,0.9476563210981165,-0.950957931590205,10682,0,1,-0.950957931590205,0.950957931590205,17
27/10/2022 16:02:23.592,0.0,0.0,-0.950957931590205,0.0,0.0,0.0,0.12315420731427465,-0.49560493972603176,-0.7104891962113785,-1.036639269935017,0.9374152159562733,-0.950957931590205,10682,0,1,-0.950957931590205,0.950957931590205,17
27/10/2022 16:02:23.604,0.0,0.0,-0.950957931590205,0.0,0.0,0.0,-0.052333427588514336,-0.7731850368105674,-0.039785655724199044,-1.0147425889965125,0.9237604091004824,-0.950957931590205,10682,0,1,-0.950957931590205,0.950957931590205,17
27/10/2022 16:02:23.613,0.0,0.0,-0.950957931590205,0.0,0.0,0.0,-0.052333427588514336,-0.5269047726317064,-0.6434188421626607,-1.0935706403751289,0.9152261548156131,-0.950957931590205,10682,0,1,-0.950957931590205,0.950957931590205,17
27/10/2022 16:02:23.624,0.0,0.0,-0.950957931590205,0.0,0.0,0.0,-0.052333427588514336,-0.6125674732156581,-0.44220778001650674,-1.0322599337473162,0.9015713479598221,-0.950957931590205,10682,0,1,-0.950957931590205,0.950957931590205,17
27/10/2022 16:02:23.634,0.0,0.0,-0.950957931590205,0.0,0.0,0.0,0.12315420731427465,-0.5911517980696701,-0.5092781340652247,-0.9797078994949052,0.8913302428179789,-0.950957931590205,10682,0,1,-0.950957931590205,0.950957931590205,17
27/10/2022 16:02:23.644,0.0,0.0,-0.950957931590205,0.0,0.0,0.0,-0.22782106249130332,-0.670225060147164,-0.30806707191907085,-1.0585359508735215,0.8793822868191619,-0.950957931590205,10682,0,1,-0.950957931590205,0.950957931590205,17
27/10/2022 16:02:23.656,0.0,0.0,-0.950957931590205,0.0,0.0,0.0,0.12315420731427465,-0.5310231716982425,-0.6434188421626607,-1.0322599337473162,0.8691411816773187,-0.950957931590205,10682,0,1,-0.950957931590205,0.950957931590205,17
27/10/2022 16:02:23.665,0.0,0.0,-0.950957931590205,0.0,0.0,0.0,-0.052333427588514336,-0.5895044384430557,-0.5092781340652247,-1.0629152870612224,0.8589000765354755,-0.950957931590205,10682,0,1,-0.950957931590205,0.950957931590205,17
27/10/2022 16:02:23.676,0.0,0.0,-0.950957931590205,0.0,0.0,0.0,-0.22782106249130332,-0.587033399003134,-0.5092781340652247,-1.0760532956243252,0.8469521205366585,-0.950957931590205,10682,0,1,-0.950957931590205,0.950957931590205,17
27/10/2022 16:02:23.686,0.0,0.0,-0.950957931590205,0.0,0.0,0.0,-0.22782106249130332,-0.6208042713487304,-0.44220778001650674,-1.0716739594366242,0.8367110153948153,-0.950957931590205,10682,0,1,-0.950957931590205,0.950957931590205,17
27/10/2022 16:02:23.696,0.0,0.0,-0.950957931590205,0.0,0.0,0.0,-0.052333427588514336,-0.6710487399604712,-0.30806707191907085,-0.992845908058008,0.8264699102529721,-0.950957931590205,10682,0,1,-0.950957931590205,0.950957931590205,17
27/10/2022 16:02:23.707,0.0,0.0,-0.950957931590205,0.0,0.0,0.0,-0.052333427588514336,-0.6208042713487304,-0.44220778001650674,-1.0716739594366242,0.8128151033971812,-0.950957931590205,10682,0,1,-0.950957931590205,0.950957931590205,17
27/10/2022 16:02:23.717,0.0,0.0,-0.950957931590205,0.0,0.0,0.0,-0.22782106249130332,-0.8143690274759288,0.027284698324518908,-1.036639269935017,0.8008671473983642,-0.950957931590205,10682,0,1,-0.950957931590205,0.950957931590205,17
27/10/2022 16:02:23.728,0.0,0.0,-0.950957931590205,0.0,0.0,0.0,-0.22782106249130332,-0.6644593014540134,-0.30806707191907085,-1.0585359508735215,0.790626042256521,-0.950957931590205,10682,0,1,-0.950957931590205,0.950957931590205,17
27/10/2022 16:02:23.738,0.0,0.0,-0.950957931590205,0.0,0.0,0.0,-0.052333427588514336,-0.6570461831342483,-0.30806707191907085,-1.0278805975596152,0.7803849371146778,-0.950957931590205,10682,0,1,-0.950957931590205,0.950957931590205,17
27/10/2022 16:02:23.748,0.0,0.0,-0.950957931590205,0.0,0.0,0.0,-0.052333427588514336,-0.7591824799843445,-0.106856009772917,-1.0147425889965125,0.7701438319728345,-0.950957931590205,10682,0,1,-0.950957931590205,0.950957931590205,17
27/10/2022 16:02:23.757,0.0,0.0,-0.950957931590205,0.0,0.0,0.0,-0.052333427588514336,-0.7838928743835614,-0.039785655724199044,-0.9884665718703071,0.7599027268309914,-0.950957931590205,10682,0,1,-0.950957931590205,0.950957931590205,17
27/10/2022 16:02:23.77,0.0,0.0,-0.950957931590205,0.0,0.0,0.0,-0.052333427588514336,-0.5417310092712365,-0.5763484881139427,-1.0497772784981199,0.7462479199752005,-0.950957931590205,10682,0,1,-0.950957931590205,0.950957931590205,17
27/10/2022 16:02:23.78,0.0,0.0,-0.950957931590205,0.0,0.0,0.0,-0.22782106249130332,-0.5927991576962847,-0.5092781340652247,-1.1110879851259325,0.7360068148333573,-0.950957931590205,10682,0,1,-0.950957931590205,0.950957931590205,17
27/10/2022 16:02:23.79,0.0,0.0,-0.950957931590205,0.0,0.0,0.0,-0.052333427588514336,-0.6842276169733869,-0.2409967178703529,-0.9884665718703071,0.7240588588345402,-0.950957931590205,10682,0,1,-0.950957931590205,0.950957931590205,17
27/10/2022 16:02:23.801,0.0,0.0,-0.950957931590205,0.0,0.0,0.0,-0.22782106249130332,-0.6249226704152665,-0.44220778001650674,-1.084811967999727,0.7104040519787493,-0.950957931590205,10682,0,1,-0.950957931590205,0.950957931590205,17
27/10/2022 16:02:23.811,0.0,0.0,-0.950957931590205,0.0,0.0,0.0,-0.22782106249130332,-0.5845623595632123,-0.5092781340652247,-1.0716739594366242,0.7001629468369062,-0.950957931590205,10682,0,1,-0.950957931590205,0.950957931590205,17
27/10/2022 16:02:23.822,0.0,0.0,-0.950957931590205,0.0,0.0,0.0,-0.052333427588514336,-0.47583662420665834,-0.7775595502600965,-1.080432631812026,0.689921841695063,-0.950957931590205,10682,0,1,-0.950957931590205,0.950957931590205,17
27/10/2022 16:02:23.833,0.0,0.0,-0.950957931590205,0.0,0.0,0.0,-0.052333427588514336,-0.7007012132395314,-0.2409967178703529,-1.0235012613719143,0.6796807365532198,-0.950957931590205,10682,0,1,-0.950957931590205,0.950957931590205,17
27/10/2022 16:02:23.843,0.0,0.0,-0.950957931590205,0.0,0.0,0.0,0.12315420731427465,-0.7295300067052843,-0.17392636382163496,-0.9797078994949052,0.6677327805544028,-0.950957931590205,10682,0,1,-0.950957931590205,0.950957931590205,17
27/10/2022 16:02:23.853,0.0,0.0,-0.950957931590205,0.0,0.0,0.0,-0.22782106249130332,-0.7501220020379651,-0.106856009772917,-1.0278805975596152,0.6574916754125596,-0.950957931590205,10682,0,1,-0.950957931590205,0.950957931590205,17
27/10/2022 16:02:23.863,0.0,0.0,-0.950957931590205,0.0,0.0,0.0,-0.22782106249130332,-0.786363913823483,-0.039785655724199044,-1.0278805975596152,0.6472505702707164,-0.950957931590205,10682,0,1,-0.950957931590205,0.950957931590205,17
27/10/2022 16:02:23.873,0.0,0.0,-0.950957931590205,0.0,0.0,0.0,0.12315420731427465,-0.6562225033209411,-0.30806707191907085,-0.9840872356826061,0.6353026142718993,-0.950957931590205,10682,0,1,-0.950957931590205,0.950957931590205,17
27/10/2022 16:02:23.883,0.0,0.0,-0.950957931590205,0.0,0.0,0.0,-0.052333427588514336,-0.5738545219902184,-0.5092781340652247,-1.0322599337473162,0.6250615091300561,-0.950957931590205,10682,0,1,-0.950957931590205,0.950957931590205,17
27/10/2022 16:02:23.895,0.0,0.0,-0.950957931590205,0.0,0.0,0.0,-0.22782106249130332,-0.8242531852356155,0.09435505237323687,-1.0322599337473162,0.6114067022742652,-0.950957931590205,10682,0,1,-0.950957931590205,0.950957931590205,17
27/10/2022 16:02:23.904,0.0,0.0,-0.950957931590205,0.0,0.0,0.0,-0.052333427588514336,-0.7888349532634047,-0.039785655724199044,-0.9709492271195034,0.601165597132422,-0.950957931590205,10682,0,1,-0.950957931590205,0.950957931590205,17
27/10/2022 16:02:23.915,0.0,0.0,-0.950957931590205,0.0,0.0,0.0,-0.052333427588514336,-0.670225060147164,-0.30806707191907085,-1.0059839166211106,0.5909244919905788,-0.950957931590205,10682,0,1,-0.950957931590205,0.950957931590205,17
27/10/2022 16:02:23.925,0.0,0.0,-0.950957931590205,0.0,0.0,0.0,-0.052333427588514336,-0.6562225033209411,-0.30806707191907085,-1.0103632528088116,0.5789765359917618,-0.950957931590205,10682,0,1,-0.950957931590205,0.950957931590205,17
27/10/2022 16:02:23.935,0.0,0.0,-0.950957931590205,0.0,0.0,0.0,0.29864184221706364,-0.48901550121957393,-0.7104891962113785,-1.0059839166211106,0.5687354308499186,-0.950957931590205,10682,0,1,-0.950957931590205,0.950957931590205,17
27/10/2022 16:02:23.946,0.0,0.0,-0.950957931590205,0.0,0.0,0.0,-0.052333427588514336,-0.6100964337757364,-0.44220778001650674,-1.045397942310419,0.5584943257080754,-0.950957931590205,10682,0,1,-0.950957931590205,0.950957931590205,17
27/10/2022 16:02:23.956,0.0,0.0,-0.950957931590205,0.0,0.0,0.0,-0.052333427588514336,-0.5442020487111582,-0.5763484881139427,-1.080432631812026,0.5465463697092584,-0.950957931590205,10682,0,1,-0.950957931590205,0.950957931590205,17
27/10/2022 16:02:23.966,0.0,0.0,-0.950957931590205,0.0,0.0,0.0,0.12315420731427465,-0.5499678074043088,-0.5763484881139427,-1.0147425889965125,0.5363052645674152,-0.950957931590205,10682,0,1,-0.950957931590205,0.950957931590205,17
27/10/2022 16:02:23.977,0.0,0.0,-0.950957931590205,0.0,0.0,0.0,-0.052333427588514336,-0.6455146657479471,-0.3751374259677888,-1.0322599337473162,0.526064159425572,-0.950957931590205,10682,0,1,-0.950957931590205,0.950957931590205,17
27/10/2022 16:02:23.989,0.0,0.0,-0.950957931590205,0.0,0.0,0.0,0.12315420731427465,-0.6265700300418809,-0.3751374259677888,-1.0235012613719143,0.5107025017128073,-0.950957931590205,10682,0,1,-0.950957931590205,0.950957931590205,17
27/10/2022 16:02:24.001,0.0,0.0,-0.950957931590205,0.0,0.0,0.0,0.29864184221706364,-0.6323357887350315,-0.3751374259677888,-0.940293873805597,0.4987545457139902,-0.950957931590205,10682,0,1,-0.950957931590205,0.950957931590205,17
27/10/2022 16:02:24.012,0.0,0.0,-0.950957931590205,0.0,0.0,0.0,-0.052333427588514336,-0.7468272827847361,-0.106856009772917,-1.0016045804334097,0.48680658971517315,-0.950957931590205,10682,0,1,-0.950957931590205,0.950957931590205,17
27/10/2022 16:02:24.022,0.0,0.0,-0.950957931590205,0.0,0.0,0.0,0.12315420731427465,-0.4478315105542126,-0.8446299043088145,-1.0585359508735215,0.47656548457333,-0.950957931590205,10682,0,1,-0.950957931590205,0.950957931590205,17
27/10/2022 16:02:24.032,0.0,0.0,-0.950957931590205,0.0,0.0,0.0,-0.052333427588514336,-0.7773034358771036,-0.039785655724199044,-1.0103632528088116,0.46632437943148675,-0.950957931590205,10682,0,1,-0.950957931590205,0.950957931590205,17
27/10/2022 16:02:24.042,0.0,0.0,-0.950957931590205,0.0,0.0,0.0,-0.052333427588514336,-0.5722071623636039,-0.5092781340652247,-1.080432631812026,0.4543764234326697,-0.950957931590205,10682,0,1,-0.950957931590205,0.950957931590205,17
27/10/2022 16:02:24.052,0.0,0.0,-0.950957931590205,0.0,0.0,0.0,0.12315420731427465,-0.5269047726317064,-0.6434188421626607,-1.0322599337473162,0.44413531829082653,-0.950957931590205,10682,0,1,-0.950957931590205,0.950957931590205,17
27/10/2022 16:02:24.063,0.0,0.0,-0.950957931590205,0.0,0.0,0.0,-0.22782106249130332,-0.7311773663318988,-0.17392636382163496,-1.0585359508735215,0.43389421314898335,-0.950957931590205,10682,0,1,-0.950957931590205,0.950957931590205,17
27/10/2022 16:02:24.073,0.0,0.0,-0.950957931590205,0.0,0.0,0.0,-0.22782106249130332,-0.8127216678493143,0.027284698324518908,-1.0191219251842134,0.4219462571501663,-0.950957931590205,10682,0,1,-0.950957931590205,0.950957931590205,17
27/10/2022 16:02:24.084,0.0,0.0,-0.950957931590205,0.0,0.0,0.0,0.29864184221706364,-0.5680887632970678,-0.5763484881139427,-0.9884665718703071,0.4099983011513493,-0.950957931590205,10682,0,1,-0.950957931590205,0.950957931590205,17
27/10/2022 16:02:24.094,0.0,0.0,-0.950957931590205,0.0,0.0,0.0,-0.052333427588514336,-0.5944465173228991,-0.5092781340652247,-1.0497772784981199,0.39975719600950604,-0.950957931590205,10682,0,1,-0.950957931590205,0.950957931590205,17
27/10/2022 16:02:24.105,0.0,0.0,-0.950957931590205,0.0,0.0,0.0,0.12315420731427465,-0.5063127772990257,-0.7104891962113785,-1.0235012613719143,0.387809240010689,-0.950957931590205,10682,0,1,-0.950957931590205,0.950957931590205,17
27/10/2022 16:02:24.115,0.0,0.0,-0.950957931590205,0.0,0.0,0.0,-0.052333427588514336,-0.5491441275910015,-0.5763484881139427,-1.0585359508735215,0.37756813486884583,-0.950957931590205,10682,0,1,-0.950957931590205,0.950957931590205,17
27/10/2022 16:02:24.126,0.0,0.0,-0.950957931590205,0.0,0.0,0.0,-0.052333427588514336,-0.7328247259585132,-0.17392636382163496,-0.9972252442457089,0.3656201788700288,-0.950957931590205,10682,0,1,-0.950957931590205,0.950957931590205,17
27/10/2022 16:02:24.136,0.0,0.0,-0.950957931590205,0.0,0.0,0.0,-0.052333427588514336,-0.6965828141729953,-0.2409967178703529,-1.036639269935017,0.3553790737281856,-0.950957931590205,10682,0,1,-0.950957931590205,0.950957931590205,17
27/10/2022 16:02:24.146,0.0,0.0,-0.950957931590205,0.0,0.0,0.0,-0.052333427588514336,-0.8497872594481395,0.09435505237323687,-0.9797078994949052,0.34513796858634244,-0.950957931590205,10682,0,1,-0.950957931590205,0.950957931590205,17
27/10/2022 16:02:24.157,0.0,0.0,-0.950957931590205,0.0,0.0,0.0,-0.052333427588514336,-0.6265700300418809,-0.3751374259677888,-1.036639269935017,0.3314831617305515,-0.950957931590205,10682,0,1,-0.950957931590205,0.950957931590205,17
27/10/2022 16:02:24.168,0.0,0.0,-0.950957931590205,0.0,0.0,0.0,0.12315420731427465,-0.543378368897851,-0.5763484881139427,-1.0278805975596152,0.3212420565887083,-0.950957931590205,10682,0,1,-0.950957931590205,0.950957931590205,17
27/10/2022 16:02:24.177,0.0,0.0,-0.950957931590205,0.0,0.0,0.0,0.12315420731427465,-0.7657719184908024,-0.039785655724199044,-0.9753285633072043,0.3110009514468651,-0.950957931590205,10682,0,1,-0.950957931590205,0.950957931590205,17
27/10/2022 16:02:24.188,0.0,0.0,-0.950957931590205,0.0,0.0,0.0,-0.22782106249130332,-0.9263894820857116,0.29556611451939074,-1.0235012613719143,0.2990529954480481,-0.950957931590205,10682,0,1,-0.950957931590205,0.950957931590205,17
27/10/2022 16:02:24.198,0.0,0.0,-0.950957931590205,0.0,0.0,0.0,-0.22782106249130332,-0.8003664706497059,0.027284698324518908,-1.0191219251842134,0.2888118903062049,-0.950957931590205,10682,0,1,-0.950957931590205,0.950957931590205,17
27/10/2022 16:02:24.208,0.0,0.0,-0.950957931590205,0.0,0.0,0.0,0.12315420731427465,-0.6941117747330736,-0.2409967178703529,-0.992845908058008,0.27857078516436173,-0.950957931590205,10682,0,1,-0.950957931590205,0.950957931590205,17
27/10/2022 16:02:24.219,0.0,0.0,-0.950957931590205,0.0,0.0,0.0,-0.052333427588514336,-0.5820913201232907,-0.5092781340652247,-1.0322599337473162,0.26662282916554464,-0.950957931590205,10682,0,1,-0.950957931590205,0.950957931590205,17
27/10/2022 16:02:24.229,0.0,0.0,-0.950957931590205,0.0,0.0,0.0,0.12315420731427465,-0.6298647492951098,-0.3751374259677888,-1.0103632528088116,0.25638172402370146,-0.950957931590205,10682,0,1,-0.950957931590205,0.950957931590205,17
27/10/2022 16:02:24.24,0.0,0.0,-0.950957931590205,0.0,0.0,0.0,0.12315420731427465,-0.5944465173228991,-0.5092781340652247,-1.0278805975596152,0.2461406188818583,-0.950957931590205,10682,0,1,-0.950957931590205,0.950957931590205,17
27/10/2022 16:02:24.25,0.0,0.0,-0.950957931590205,0.0,0.0,0.0,0.12315420731427465,-0.5417310092712365,-0.5763484881139427,-1.036639269935017,0.23419266288304125,-0.950957931590205,10682,0,1,-0.950957931590205,0.950957931590205,17
27/10/2022 16:02:24.26,0.0,0.0,-0.950957931590205,0.0,0.0,0.0,-0.052333427588514336,-0.6018596356426641,-0.44220778001650674,-1.084811967999727,0.22395155774119807,-0.950957931590205,10682,0,1,-0.950957931590205,0.950957931590205,17
27/10/2022 16:02:24.271,0.0,0.0,-0.950957931590205,0.0,0.0,0.0,0.29864184221706364,-0.532670531324857,-0.6434188421626607,-1.0059839166211106,0.21029675088540714,-0.950957931590205,10682,0,1,-0.950957931590205,0.950957931590205,17
27/10/2022 16:02:24.281,0.0,0.0,-0.950957931590205,0.0,0.0,0.0,0.12315420731427465,-0.543378368897851,-0.5763484881139427,-1.0760532956243252,0.20005564574356396,-0.950957931590205,10682,0,1,-0.950957931590205,0.950957931590205,17
27/10/2022 16:02:24.293,0.0,0.0,-0.950957931590205,0.0,0.0,0.0,-0.22782106249130332,-0.6842276169733869,-0.2409967178703529,-1.0979499765628298,0.18810768974474693,-0.950957931590205,10682,0,1,-0.950957931590205,0.950957931590205,17
27/10/2022 16:02:24.302,0.0,0.0,-0.950957931590205,0.0,0.0,0.0,-0.052333427588514336,-0.5565572459107666,-0.5763484881139427,-1.0672946232489233,0.17786658460290372,-0.950957931590205,10682,0,1,-0.950957931590205,0.950957931590205,17
27/10/2022 16:02:24.312,0.0,0.0,-0.950957931590205,0.0,0.0,0.0,0.12315420731427465,-0.6059780347092003,-0.44220778001650674,-1.0278805975596152,0.16762547946106054,-0.950957931590205,10682,0,1,-0.950957931590205,0.950957931590205,17
27/10/2022 16:02:24.323,0.0,0.0,-0.950957931590205,0.0,0.0,0.0,0.12315420731427465,-0.7748323964371818,-0.039785655724199044,-0.9797078994949052,0.1556775234622435,-0.950957931590205,10682,0,1,-0.950957931590205,0.950957931590205,17
27/10/2022 16:02:24.333,0.0,0.0,-0.950957931590205,0.0,0.0,0.0,-0.22782106249130332,-0.7995427908363987,0.027284698324518908,-1.041018606122718,0.1454364183204003,-0.950957931590205,10682,0,1,-0.950957931590205,0.950957931590205,17
27/10/2022 16:02:24.344,0.0,0.0,-0.950957931590205,0.0,0.0,0.0,-0.22782106249130332,-0.8250768650489227,0.09435505237323687,-1.0191219251842134,0.13519531317855712,-0.950957931590205,10682,0,1,-0.950957931590205,0.950957931590205,17
27/10/2022 16:02:24.353,0.0,0.0,-0.950957931590205,0.0,0.0,0.0,-0.052333427588514336,-0.7707139973706457,-0.039785655724199044,-0.9972252442457089,0.12495420803671395,-0.950957931590205,10682,0,1,-0.950957931590205,0.950957931590205,17
27/10/2022 16:02:24.364,0.0,0.0,-0.950957931590205,0.0,0.0,0.0,0.12315420731427465,-0.5919754778829774,-0.5092781340652247,-1.0278805975596152,0.1130062520378969,-0.950957931590205,10682,0,1,-0.950957931590205,0.950957931590205,17
27/10/2022 16:02:24.375,0.0,0.0,-0.950957931590205,0.0,0.0,0.0,-0.4033086973940923,-0.876968693287278,0.16142540642195483,-1.0716739594366242,0.10105829603907984,-0.950957931590205,10682,0,1,-0.950957931590205,0.950957931590205,17
27/10/2022 16:02:24.385,0.0,0.0,-0.950957931590205,0.0,0.0,0.0,-0.22782106249130332,-0.895089649180037,0.22849576047067277,-0.9972252442457089,0.08911034004026279,-0.950957931590205,10682,0,1,-0.950957931590205,0.950957931590205,17
27/10/2022 16:02:24.395,0.0,0.0,-0.950957931590205,0.0,0.0,0.0,0.12315420731427465,-0.5755018816168328,-0.5092781340652247,-1.0103632528088116,0.07886923489841961,-0.950957931590205,10682,0,1,-0.950957931590205,0.950957931590205,17
27/10/2022 16:02:24.405,0.0,0.0,-0.950957931590205,0.0,0.0,0.0,-0.052333427588514336,-0.6982301737996097,-0.2409967178703529,-1.0059839166211106,0.06692127889960256,-0.950957931590205,10682,0,1,-0.950957931590205,0.950957931590205,17
27/10/2022 16:02:24.414,0.0,0.0,-0.950957931590205,0.0,0.0,0.0,0.12315420731427465,-0.5499678074043088,-0.5763484881139427,-1.0016045804334097,0.0600938754717071,-0.950957931590205,10682,0,1,-0.950957931590205,0.950957931590205,17
27/10/2022 16:02:24.426,0.0,0.0,-0.950957931590205,0.0,0.0,0.0,-0.22782106249130332,-0.6842276169733869,-0.2409967178703529,-1.080432631812026,0.04473221775894232,-0.950957931590205,10682,0,1,-0.950957931590205,0.950957931590205,17
27/10/2022 16:02:24.437,0.0,0.0,-0.950957931590205,0.0,0.0,0.0,-0.052333427588514336,-0.48901550121957393,-0.7104891962113785,-1.1023293127505307,0.03449111261709914,-0.950957931590205,10682,0,1,-0.950957931590205,0.950957931590205,17
27/10/2022 16:02:24.447,0.0,0.0,-0.950957931590205,0.0,0.0,0.0,-0.052333427588514336,-0.5936228375095919,-0.5092781340652247,-1.045397942310419,0.024250007475255957,-0.950957931590205,10682,0,1,-0.950957931590205,0.950957931590205,17
27/10/2022 16:02:24.458,0.0,0.0,-0.950957931590205,0.0,0.0,0.0,-0.052333427588514336,-0.5442020487111582,-0.5763484881139427,-1.0322599337473162,0.010595200619465044,-0.950957931590205,10682,0,1,-0.950957931590205,0.950957931590205,17
27/10/2022 16:02:24.468,0.0,0.0,-0.950957931590205,0.0,0.0,0.0,0.29864184221706364,-0.4898391810328812,-0.7104891962113785,-0.9797078994949052,0.000354095477621859,-0.950957931590205,10682,0,1,-0.950957931590205,0.950957931590205,17
27/10/2022 16:02:24.48,0.0,0.0,-0.950957931590205,0.0,0.0,0.0,-0.052333427588514336,-0.5779729210567546,-0.5092781340652247,-1.0497772784981199,-0.01159386052119519,-0.950957931590205,10682,0,1,-0.950957931590205,0.950957931590205,17
27/10/2022 16:02:24.49,0.0,0.0,-0.950957931590205,0.0,0.0,0.0,0.12315420731427465,-0.44371311148767645,-0.8446299043088145,-1.041018606122718,-0.021834965663038376,-0.950957931590205,10682,0,1,-0.950957931590205,0.950957931590205,17
27/10/2022 16:02:24.5,0.0,0.0,-0.950957931590205,0.0,0.0,0.0,-0.052333427588514336,-0.5557335660974594,-0.5763484881139427,-1.084811967999727,-0.03207607080488156,-0.950957931590205,10682,0,1,-0.950957931590205,0.950957931590205,17
27/10/2022 16:02:24.51,0.0,0.0,-0.950957931590205,0.0,0.0,0.0,-0.052333427588514336,-0.7418852039048928,-0.106856009772917,-0.9884665718703071,-0.042317175946724746,-0.950957931590205,10682,0,1,-0.950957931590205,0.950957931590205,17
27/10/2022 16:02:24.52,0.0,0.0,-0.950957931590205,0.0,0.0,0.0,-0.052333427588514336,-0.6784618582802363,-0.30806707191907085,-1.0585359508735215,-0.05426513194554179,-0.950957931590205,10682,0,1,-0.950957931590205,0.950957931590205,17
27/10/2022 16:02:24.532,0.0,0.0,-0.950957931590205,0.0,0.0,0.0,-0.22782106249130332,-0.6199805915354231,-0.44220778001650674,-1.1110879851259325,-0.06621308794435884,-0.950957931590205,10682,0,1,-0.950957931590205,0.950957931590205,17
27/10/2022 16:02:24.543,0.0,0.0,-0.950957931590205,0.0,0.0,0.0,-0.052333427588514336,-0.6455146657479471,-0.3751374259677888,-1.036639269935017,-0.0781610439431759,-0.950957931590205,10682,0,1,-0.950957931590205,0.950957931590205,17
27/10/2022 16:02:24.551,0.0,0.0,-0.950957931590205,0.0,0.0,0.0,-0.22782106249130332,-0.6199805915354231,-0.44220778001650674,-1.0585359508735215,-0.08840214908501907,-0.950957931590205,10682,0,1,-0.950957931590205,0.950957931590205,17
27/10/2022 16:02:24.563,0.0,0.0,-0.950957931590205,0.0,0.0,0.0,0.12315420731427465,-0.706466971932682,-0.2409967178703529,-0.9840872356826061,-0.09864325422686226,-0.950957931590205,10682,0,1,-0.950957931590205,0.950957931590205,17
27/10/2022 16:02:24.573,0.0,0.0,-0.950957931590205,0.0,0.0,0.0,-0.052333427588514336,-0.703172252679453,-0.2409967178703529,-1.0672946232489233,-0.10888435936870544,-0.950957931590205,10682,0,1,-0.950957931590205,0.950957931590205,17
27/10/2022 16:02:24.583,0.0,0.0,-0.950957931590205,0.0,0.0,0.0,-0.052333427588514336,-0.7089380113726037,-0.2409967178703529,-1.0322599337473162,-0.11912546451054863,-0.950957931590205,10682,0,1,-0.950957931590205,0.950957931590205,17
27/10/2022 16:02:24.593,0.0,0.0,-0.950957931590205,0.0,0.0,0.0,-0.052333427588514336,-0.6817565775334652,-0.30806707191907085,-1.041018606122718,-0.13107342050936568,-0.950957931590205,10682,0,1,-0.950957931590205,0.950957931590205,17
27/10/2022 16:02:24.603,0.0,0.0,-0.950957931590205,0.0,0.0,0.0,-0.052333427588514336,-0.7492983222246579,-0.106856009772917,-1.0059839166211106,-0.14131452565120886,-0.950957931590205,10682,0,1,-0.950957931590205,0.950957931590205,17
27/10/2022 16:02:24.616,0.0,0.0,-0.950957931590205,0.0,0.0,0.0,0.29864184221706364,-0.6265700300418809,-0.3751374259677888,-0.9840872356826061,-0.1549693325069998,-0.950957931590205,10682,0,1,-0.950957931590205,0.950957931590205,17
27/10/2022 16:02:24.625,0.0,0.0,-0.950957931590205,0.0,0.0,0.0,0.12315420731427465,-0.6430436263080255,-0.3751374259677888,-1.0278805975596152,-0.16521043764884297,-0.950957931590205,10682,0,1,-0.950957931590205,0.950957931590205,17
27/10/2022 16:02:24.635,0.0,0.0,-0.950957931590205,0.0,0.0,0.0,-0.052333427588514336,-0.6553988235076339,-0.30806707191907085,-1.0672946232489233,-0.17545154279068614,-0.950957931590205,10682,0,1,-0.950957931590205,0.950957931590205,17
27/10/2022 16:02:24.645,0.0,0.0,-0.950957931590205,0.0,0.0,0.0,-0.4033086973940923,-0.6570461831342483,-0.30806707191907085,-1.1154673213136335,-0.1873994987895032,-0.950957931590205,10682,0,1,-0.950957931590205,0.950957931590205,17
27/10/2022 16:02:24.657,0.0,0.0,-0.950957931590205,0.0,0.0,0.0,0.12315420731427465,-0.7270589672653627,-0.17392636382163496,-1.0147425889965125,-0.19934745478832025,-0.950957931590205,10682,0,1,-0.950957931590205,0.950957931590205,17
27/10/2022 16:02:24.667,0.0,0.0,-0.950957931590205,0.0,0.0,0.0,-0.052333427588514336,-0.6109201135890436,-0.44220778001650674,-1.0760532956243252,-0.2112954107871373,-0.950957931590205,10682,0,1,-0.950957931590205,0.950957931590205,17
27/10/2022 16:02:24.677,0.0,0.0,-0.950957931590205,0.0,0.0,0.0,0.12315420731427465,-0.5120785359921763,-0.7104891962113785,-1.045397942310419,-0.2215365159289805,-0.950957931590205,10682,0,1,-0.950957931590205,0.950957931590205,17
27/10/2022 16:02:24.687,0.0,0.0,-0.950957931590205,0.0,0.0,0.0,-0.22782106249130332,-0.7435325635315072,-0.106856009772917,-1.0760532956243252,-0.23177762107082367,-0.950957931590205,10682,0,1,-0.950957931590205,0.950957931590205,17
27/10/2022 16:02:24.698,0.0,0.0,-0.950957931590205,0.0,0.0,0.0,-0.052333427588514336,-0.6726960995870856,-0.30806707191907085,-1.0235012613719143,-0.2437255770696407,-0.950957931590205,10682,0,1,-0.950957931590205,0.950957931590205,17
27/10/2022 16:02:24.708,0.0,0.0,-0.950957931590205,0.0,0.0,0.0,0.12315420731427465,-0.6768144986536219,-0.30806707191907085,-0.9972252442457089,-0.2539666822114839,-0.950957931590205,10682,0,1,-0.950957931590205,0.950957931590205,17
27/10/2022 16:02:24.718,0.0,0.0,-0.950957931590205,0.0,0.0,0.0,-0.052333427588514336,-0.8044848697162421,0.027284698324518908,-1.0235012613719143,-0.26420778735332706,-0.950957931590205,10682,0,1,-0.950957931590205,0.950957931590205,17
27/10/2022 16:02:24.728,0.0,0.0,-0.950957931590205,0.0,0.0,0.0,-0.22782106249130332,-0.7550640809178084,-0.106856009772917,-1.036639269935017,-0.2744488924951703,-0.950957931590205,10682,0,1,-0.950957931590205,0.950957931590205,17
27/10/2022 16:02:24.739,0.0,0.0,-0.950957931590205,0.0,0.0,0.0,-0.22782106249130332,-0.4626577471937427,-0.7775595502600965,-1.1329846660644372,-0.2881036993509612,-0.950957931590205,10682,0,1,-0.950957931590205,0.950957931590205,17
27/10/2022 16:02:24.749,0.0,0.0,-0.950957931590205,0.0,0.0,0.0,0.12315420731427465,-0.7278826470786699,-0.17392636382163496,-0.9840872356826061,-0.29834480449280437,-0.950957931590205,10682,0,1,-0.950957931590205,0.950957931590205,17
27/10/2022 16:02:24.759,0.0,0.0,-0.950957931590205,0.0,0.0,0.0,-0.22782106249130332,-0.8316663035553805,0.09435505237323687,-1.0278805975596152,-0.3102927604916214,-0.950957931590205,10682,0,1,-0.950957931590205,0.950957931590205,17
27/10/2022 16:02:24.771,0.0,0.0,-0.950957931590205,0.0,0.0,0.0,-0.052333427588514336,-0.82590054486223,0.09435505237323687,-1.0103632528088116,-0.3205338656334646,-0.950957931590205,10682,0,1,-0.950957931590205,0.950957931590205,17
27/10/2022 16:02:24.78,0.0,0.0,-0.950957931590205,0.0,0.0,0.0,-0.052333427588514336,-0.6949354545463808,-0.2409967178703529,-1.036639269935017,-0.33077497077530776,-0.950957931590205,10682,0,1,-0.950957931590205,0.950957931590205,17
27/10/2022 16:02:24.79,0.0,0.0,-0.950957931590205,0.0,0.0,0.0,0.12315420731427465,-0.7015248930528386,-0.2409967178703529,-0.9840872356826061,-0.341016075917151,-0.950957931590205,10682,0,1,-0.950957931590205,0.950957931590205,17
27/10/2022 16:02:24.801,0.0,0.0,-0.950957931590205,0.0,0.0,0.0,0.29864184221706364,-0.6216279511620376,-0.44220778001650674,-0.9665698909318025,-0.3546708827729419,-0.950957931590205,10682,0,1,-0.950957931590205,0.950957931590205,17
27/10/2022 16:02:24.813,0.0,0.0,-0.950957931590205,0.0,0.0,0.0,-0.22782106249130332,-0.7978954312097842,0.027284698324518908,-1.0672946232489233,-0.3649119879147851,-0.950957931590205,10682,0,1,-0.950957931590205,0.950957931590205,17
27/10/2022 16:02:24.821,0.0,0.0,-0.950957931590205,0.0,0.0,0.0,-0.22782106249130332,-0.8069559091561638,0.027284698324518908,-1.041018606122718,-0.3768599439136021,-0.950957931590205,10682,0,1,-0.950957931590205,0.950957931590205,17
27/10/2022 16:02:24.832,0.0,0.0,-0.950957931590205,0.0,0.0,0.0,-0.052333427588514336,-0.6776381784669291,-0.30806707191907085,-1.0278805975596152,-0.3871010490554453,-0.950957931590205,10682,0,1,-0.950957931590205,0.950957931590205,17
27/10/2022 16:02:24.843,0.0,0.0,-0.950957931590205,0.0,0.0,0.0,-0.052333427588514336,-0.6125674732156581,-0.44220778001650674,-1.0278805975596152,-0.39904900505426233,-0.950957931590205,10682,0,1,-0.950957931590205,0.950957931590205,17
27/10/2022 16:02:24.853,0.0,0.0,-0.950957931590205,0.0,0.0,0.0,0.12315420731427465,-0.6257463502285737,-0.3751374259677888,-1.0235012613719143,-0.4075832593391317,-0.950957931590205,10682,0,1,-0.950957931590205,0.950957931590205,17
27/10/2022 16:02:24.864,0.0,0.0,-0.950957931590205,0.0,0.0,0.0,-0.22782106249130332,-0.8283715843021516,0.09435505237323687,-1.041018606122718,-0.4212380661949226,-0.950957931590205,10682,0,1,-0.950957931590205,0.950957931590205,17
27/10/2022 16:02:24.874,0.0,0.0,-0.950957931590205,0.0,0.0,0.0,-0.052333427588514336,-0.6232753107886521,-0.44220778001650674,-1.0497772784981199,-0.43318602219373964,-0.950957931590205,10682,0,1,-0.950957931590205,0.950957931590205,17
27/10/2022 16:02:24.885,0.0,0.0,-0.950957931590205,0.0,0.0,0.0,-0.22782106249130332,-0.6669303408939351,-0.30806707191907085,-1.0585359508735215,-0.4434271273355828,-0.950957931590205,10682,0,1,-0.950957931590205,0.950957931590205,17
27/10/2022 16:02:24.895,0.0,0.0,-0.950957931590205,0.0,0.0,0.0,0.12315420731427465,-0.6801092179068507,-0.30806707191907085,-0.9884665718703071,-0.45537508333439985,-0.950957931590205,10682,0,1,-0.950957931590205,0.950957931590205,17
27/10/2022 16:02:24.906,0.0,0.0,-0.950957931590205,0.0,0.0,0.0,0.29864184221706364,-0.5573809257240738,-0.5763484881139427,-0.9972252442457089,-0.46561618847624303,-0.950957931590205,10682,0,1,-0.950957931590205,0.950957931590205,17
27/10/2022 16:02:24.915,0.0,0.0,-0.950957931590205,0.0,0.0,0.0,0.12315420731427465,-0.5507914872176161,-0.5763484881139427,-1.036639269935017,-0.47585729361808626,-0.950957931590205,10682,0,1,-0.950957931590205,0.950957931590205,17
27/10/2022 16:02:24.926,0.0,0.0,-0.950957931590205,0.0,0.0,0.0,0.12315420731427465,-0.5936228375095919,-0.5092781340652247,-1.0235012613719143,-0.4878052496169033,-0.950957931590205,10682,0,1,-0.950957931590205,0.950957931590205,17
27/10/2022 16:02:24.937,0.0,0.0,-0.950957931590205,0.0,0.0,0.0,-0.052333427588514336,-0.6529277840677122,-0.3751374259677888,-1.0103632528088116,-0.49975320561572034,-0.950957931590205,10682,0,1,-0.950957931590205,0.950957931590205,17
27/10/2022 16:02:24.947,0.0,0.0,-0.950957931590205,0.0,0.0,0.0,-0.052333427588514336,-0.670225060147164,-0.30806707191907085,-1.0191219251842134,-0.5117011616145374,-0.950957931590205,10682,0,1,-0.950957931590205,0.950957931590205,17
27/10/2022 16:02:24.957,0.0,0.0,-0.950957931590205,0.0,0.0,0.0,0.12315420731427465,-0.5211390139385559,-0.6434188421626607,-1.0278805975596152,-0.5219422667563806,-0.950957931590205,10682,0,1,-0.950957931590205,0.950957931590205,17
27/10/2022 16:02:24.968,0.0,0.0,-0.950957931590205,0.0,0.0,0.0,0.12315420731427465,-0.6117437934023509,-0.44220778001650674,-1.0103632528088116,-0.5321833718982237,-0.950957931590205,10682,0,1,-0.950957931590205,0.950957931590205,17
27/10/2022 16:02:24.979,0.0,0.0,-0.950957931590205,0.0,0.0,0.0,0.12315420731427465,-0.6002122760160497,-0.44220778001650674,-1.0147425889965125,-0.5441313278970408,-0.950957931590205,10682,0,1,-0.950957931590205,0.950957931590205,17
27/10/2022 16:02:24.988,0.0,0.0,-0.950957931590205,0.0,0.0,0.0,0.12315420731427465,-0.5895044384430557,-0.5092781340652247,-1.0235012613719143,-0.554372433038884,-0.950957931590205,10682,0,1,-0.950957931590205,0.950957931590205,17
27/10/2022 16:02:24.999,0.0,0.0,-0.950957931590205,0.0,0.0,0.0,-0.052333427588514336,-0.6636356216407062,-0.30806707191907085,-1.0497772784981199,-0.5646135381807271,-0.950957931590205,10682,0,1,-0.950957931590205,0.950957931590205,17
27/10/2022 16:02:25.009,0.0,0.0,-0.950957931590205,0.0,0.0,0.0,-0.052333427588514336,-0.7278826470786699,-0.17392636382163496,-1.036639269935017,-0.5748546433225704,-0.950957931590205,10682,0,1,-0.950957931590205,0.950957931590205,17
27/10/2022 16:02:25.019,0.0,0.0,-0.950957931590205,0.0,0.0,0.0,-0.052333427588514336,-0.6529277840677122,-0.3751374259677888,-1.0585359508735215,-0.5868025993213875,-0.950957931590205,10682,0,1,-0.950957931590205,0.950957931590205,17
27/10/2022 16:02:25.03,0.0,0.0,-0.950957931590205,0.0,0.0,0.0,-0.22782106249130332,-0.65951722257417,-0.30806707191907085,-1.0585359508735215,-0.6004574061771784,-0.950957931590205,10682,0,1,-0.950957931590205,0.950957931590205,17
27/10/2022 16:02:25.04,0.0,0.0,-0.950957931590205,0.0,0.0,0.0,0.12315420731427465,-0.7509456818512723,-0.106856009772917,-0.9840872356826061,-0.6106985113190215,-0.950957931590205,10682,0,1,-0.950957931590205,0.950957931590205,17
27/10/2022 16:02:25.05,0.0,0.0,-0.950957931590205,0.0,0.0,0.0,-0.052333427588514336,-0.6866986564133085,-0.2409967178703529,-1.0585359508735215,-0.6209396164608647,-0.950957931590205,10682,0,1,-0.950957931590205,0.950957931590205,17
27/10/2022 16:02:25.06,0.0,0.0,-0.950957931590205,0.0,0.0,0.0,-0.052333427588514336,-0.8193111063557722,0.027284698324518908,-1.0235012613719143,-0.6311807216027079,-0.950957931590205,10682,0,1,-0.950957931590205,0.950957931590205,17
27/10/2022 16:02:25.072,0.0,0.0,-0.950957931590205,0.0,0.0,0.0,-0.052333427588514336,-0.7229405681988266,-0.17392636382163496,-1.0147425889965125,-0.6431286776015249,-0.950957931590205,10682,0,1,-0.950957931590205,0.950957931590205,17
27/10/2022 16:02:25.083,0.0,0.0,-0.950957931590205,0.0,0.0,0.0,-0.052333427588514336,-0.7221168883855194,-0.17392636382163496,-1.0235012613719143,-0.6533697827433681,-0.950957931590205,10682,0,1,-0.950957931590205,0.950957931590205,17
27/10/2022 16:02:25.092,0.0,0.0,-0.950957931590205,0.0,0.0,0.0,-0.052333427588514336,-0.735295765398435,-0.17392636382163496,-1.0235012613719143,-0.6653177387421851,-0.950957931590205,10682,0,1,-0.950957931590205,0.950957931590205,17
27/10/2022 16:02:25.102,0.0,0.0,-0.950957931590205,0.0,0.0,0.0,0.12315420731427465,-0.6463383455612544,-0.3751374259677888,-0.9884665718703071,-0.6755588438840283,-0.950957931590205,10682,0,1,-0.950957931590205,0.950957931590205,17
27/10/2022 16:02:25.113,0.0,0.0,-0.950957931590205,0.0,0.0,0.0,0.12315420731427465,-0.5540862064708449,-0.5763484881139427,-1.0235012613719143,-0.6875067998828454,-0.950957931590205,10682,0,1,-0.950957931590205,0.950957931590205,17
27/10/2022 16:02:25.123,0.0,0.0,-0.950957931590205,0.0,0.0,0.0,0.12315420731427465,-0.5779729210567546,-0.5092781340652247,-1.0016045804334097,-0.6977479050246885,-0.950957931590205,10682,0,1,-0.950957931590205,0.950957931590205,17
27/10/2022 16:02:25.133,0.0,0.0,-0.950957931590205,0.0,0.0,0.0,0.29864184221706364,-0.6026833154559713,-0.44220778001650674,-0.9884665718703071,-0.7096958610235057,-0.950957931590205,10682,0,1,-0.950957931590205,0.950957931590205,17
27/10/2022 16:02:25.146,0.0,0.0,-0.950957931590205,0.0,0.0,0.0,0.12315420731427465,-0.6834039371600796,-0.2409967178703529,-0.9840872356826061,-0.7216438170223227,-0.950957931590205,10682,0,1,-0.950957931590205,0.950957931590205,17
27/10/2022 16:02:25.154,0.0,0.0,-0.950957931590205,0.0,0.0,0.0,-0.052333427588514336,-0.503841737859104,-0.7104891962113785,-1.1154673213136335,-0.7318849221641659,-0.950957931590205,10682,0,1,-0.950957931590205,0.950957931590205,17
27/10/2022 16:02:25.164,0.0,0.0,-0.950957931590205,0.0,0.0,0.0,-0.052333427588514336,-0.5927991576962847,-0.5092781340652247,-1.0497772784981199,-0.7438328781629829,-0.950957931590205,10682,0,1,-0.950957931590205,0.950957931590205,17
27/10/2022 16:02:25.175,0.0,0.0,-0.950957931590205,0.0,0.0,0.0,-0.052333427588514336,-0.5713834825502967,-0.5092781340652247,-1.0585359508735215,-0.7540739833048261,-0.950957931590205,10682,0,1,-0.950957931590205,0.950957931590205,17
27/10/2022 16:02:25.185,0.0,0.0,-0.950957931590205,0.0,0.0,0.0,0.12315420731427465,-0.7509456818512723,-0.106856009772917,-0.9797078994949052,-0.7643150884466693,-0.950957931590205,10682,0,1,-0.950957931590205,0.950957931590205,17
27/10/2022 16:02:25.195,0.0,0.0,-0.950957931590205,0.0,0.0,0.0,-0.22782106249130332,-0.760829839610959,-0.106856009772917,-1.0541566146858208,-0.7762630444454863,-0.950957931590205,10682,0,1,-0.950957931590205,0.950957931590205,17
27/10/2022 16:02:25.206,0.0,0.0,-0.950957931590205,0.0,0.0,0.0,-0.22782106249130332,-0.7591824799843445,-0.106856009772917,-1.0322599337473162,-0.7865041495873295,-0.950957931590205,10682,0,1,-0.950957931590205,0.950957931590205,17
27/10/2022 16:02:25.216,0.0,0.0,-0.950957931590205,0.0,0.0,0.0,-0.052333427588514336,-0.7311773663318988,-0.17392636382163496,-1.0103632528088116,-0.7967452547291727,-0.950957931590205,10682,0,1,-0.950957931590205,0.950957931590205,17
27/10/2022 16:02:25.227,0.0,0.0,-0.950957931590205,0.0,0.0,0.0,0.12315420731427465,-0.6834039371600796,-0.2409967178703529,-0.9884665718703071,-0.8104000615849636,-0.950957931590205,10682,0,1,-0.950957931590205,0.950957931590205,17
27/10/2022 16:02:25.237,0.0,0.0,-0.950957931590205,0.0,0.0,0.0,-0.4033086973940923,-0.8852054914203502,0.22849576047067277,-1.0585359508735215,-0.8223480175837806,-0.950957931590205,10682,0,1,-0.950957931590205,0.950957931590205,17
27/10/2022 16:02:25.247,0.0,0.0,-0.950957931590205,0.0,0.0,0.0,-0.22782106249130332,-1.003815384536591,0.49677717666554455,-0.9972252442457089,-0.8325891227256238,-0.950957931590205,10682,0,1,-0.950957931590205,0.950957931590205,17
27/10/2022 16:02:25.257,0.0,0.0,-0.950957931590205,0.0,0.0,0.0,0.12315420731427465,-0.5293758120716281,-0.6434188421626607,-1.0147425889965125,-0.842830227867467,-0.950957931590205,10682,0,1,-0.950957931590205,0.950957931590205,17
27/10/2022 16:02:25.269,0.0,0.0,-0.950957931590205,0.0,0.0,0.0,-0.052333427588514336,-0.6759908188403145,-0.30806707191907085,-1.0235012613719143,-0.8547781838662841,-0.950957931590205,10682,0,1,-0.950957931590205,0.950957931590205,17
27/10/2022 16:02:25.279,0.0,0.0,-0.950957931590205,0.0,0.0,0.0,0.29864184221706364,-0.5573809257240738,-0.5763484881139427,-0.992845908058008,-0.8650192890081273,-0.950957931590205,10682,0,1,-0.950957931590205,0.950957931590205,17
27/10/2022 16:02:25.289,0.0,0.0,-0.950957931590205,0.0,0.0,0.0,0.12315420731427465,-0.6249226704152665,-0.44220778001650674,-1.0103632528088116,-0.8752603941499705,-0.950957931590205,10682,0,1,-0.950957931590205,0.950957931590205,17
27/10/2022 16:02:25.299,0.0,0.0,-0.950957931590205,0.0,0.0,0.0,-0.052333427588514336,-0.6183332319088086,-0.44220778001650674,-1.0629152870612224,-0.8855014992918137,-0.950957931590205,10682,0,1,-0.950957931590205,0.950957931590205,17
27/10/2022 16:02:25.309,0.0,0.0,-0.950957931590205,0.0,0.0,0.0,0.12315420731427465,-0.5697361229236823,-0.5092781340652247,-1.0147425889965125,-0.8974494552906307,-0.950957931590205,10682,0,1,-0.950957931590205,0.950957931590205,17
27/10/2022 16:02:25.319,0.0,0.0,-0.950957931590205,0.0,0.0,0.0,-0.052333427588514336,-0.597741236576128,-0.44220778001650674,-1.041018606122718,-0.9076905604324739,-0.950957931590205,10682,0,1,-0.950957931590205,0.950957931590205,17
27/10/2022 16:02:25.33,0.0,0.0,-0.950957931590205,0.0,0.0,0.0,-0.052333427588514336,-0.7427088837182,-0.106856009772917,-1.0016045804334097,-0.9213453672882648,-0.950957931590205,10682,0,1,-0.950957931590205,0.950957931590205,17
27/10/2022 16:02:25.341,0.0,0.0,-0.950957931590205,0.0,0.0,0.0,0.12315420731427465,-0.5853860393765196,-0.5092781340652247,-1.0103632528088116,-0.931586472430108,-0.950957931590205,10682,0,1,-0.950957931590205,0.950957931590205,17
27/10/2022 16:02:25.351,0.0,0.0,-0.950957931590205,0.0,0.0,0.0,0.29864184221706364,-0.836608382435224,0.09435505237323687,-0.992845908058008,-0.9418275775719511,-0.950957931590205,10682,0,1,-0.950957931590205,0.950957931590205,17
27/10/2022 16:02:25.361,0.0,0.0,-0.950957931590205,0.0,0.0,0.0,0.29864184221706364,-0.6035069952692785,-0.44220778001650674,-1.0016045804334097,-0.9537755335707682,-0.950957931590205,10682,0,1,-0.950957931590205,0.950957931590205,17
27/10/2022 16:02:25.372,0.0,0.0,-0.950957931590205,0.0,0.0,0.0,0.12315420731427465,-0.6265700300418809,-0.3751374259677888,-0.9972252442457089,-0.9640166387126113,-0.950957931590205,10682,0,1,-0.950957931590205,0.950957931590205,17
27/10/2022 16:02:25.382,0.0,0.0,-0.950957931590205,0.0,0.0,0.0,0.12315420731427465,-0.6553988235076339,-0.30806707191907085,-1.0191219251842134,-0.9742577438544545,-0.950957931590205,10682,0,1,-0.950957931590205,0.950957931590205,17
27/10/2022 16:02:25.393,0.0,0.0,-0.950957931590205,0.0,0.0,0.0,-0.052333427588514336,-0.6834039371600796,-0.2409967178703529,-1.036639269935017,-0.9844988489962978,-0.950957931590205,10682,0,1,-0.950957931590205,0.950957931590205,17
27/10/2022 16:02:25.403,0.0,0.0,-0.950957931590205,0.0,0.0,0.0,-0.22782106249130332,-0.641396266681411,-0.3751374259677888,-1.084811967999727,-0.9964468049951148,-0.950957931590205,10682,0,1,-0.950957931590205,0.950957931590205,17
27/10/2022 16:02:25.413,0.0,0.0,-0.950957931590205,0.0,0.0,0.0,-0.22782106249130332,-0.6751671390270073,-0.30806707191907085,-1.0541566146858208,-1.006687910136958,-0.950957931590205,10682,0,1,-0.950957931590205,0.950957931590205,17
27/10/2022 16:02:25.423,0.0,0.0,-0.950957931590205,0.0,0.0,0.0,0.12315420731427465,-0.7657719184908024,-0.106856009772917,-0.9797078994949052,-1.016929015278801,-0.950957931590205,10682,0,1,-0.950957931590205,0.950957931590205,17
27/10/2022 16:02:25.434,0.0,0.0,-0.950957931590205,0.0,0.0,0.0,0.12315420731427465,-0.5993885962027424,-0.44220778001650674,-1.0585359508735215,-1.030583822134592,-0.950957931590205,10682,0,1,-0.950957931590205,0.950957931590205,17
27/10/2022 16:02:25.444,0.0,0.0,-0.950957931590205,0.0,0.0,0.0,-0.052333427588514336,-0.7163511296923687,-0.17392636382163496,-1.0322599337473162,-1.0408249272764352,-0.950957931590205,10682,0,1,-0.950957931590205,0.950957931590205,17
27/10/2022 16:02:25.454,0.0,0.0,-0.950957931590205,0.0,0.0,0.0,-0.22782106249130332,-0.82590054486223,0.09435505237323687,-1.041018606122718,-1.0527728832752523,-0.950957931590205,10682,0,1,-0.950957931590205,0.950957931590205,17
27/10/2022 16:02:25.464,0.0,0.0,-0.950957931590205,0.0,0.0,0.0,-0.052333427588514336,-0.703172252679453,-0.2409967178703529,-1.0235012613719143,-1.0630139884170955,-0.950957931590205,10682,0,1,-0.950957931590205,0.950957931590205,17
27/10/2022 16:02:25.475,0.0,0.0,-0.950957931590205,0.0,0.0,0.0,-0.052333427588514336,-0.8349610228086095,0.09435505237323687,-1.0059839166211106,-1.0732550935589387,-0.950957931590205,10682,0,1,-0.950957931590205,0.950957931590205,17
27/10/2022 16:02:25.486,0.0,0.0,-0.950957931590205,0.0,0.0,0.0,0.12315420731427465,-0.7525930414778867,-0.106856009772917,-0.992845908058008,-1.0852030495577558,-0.950957931590205,10682,0,1,-0.950957931590205,0.950957931590205,17
27/10/2022 16:02:25.496,0.0,0.0,-0.950957931590205,0.0,0.0,0.0,0.12315420731427465,-0.6076253943358148,-0.44220778001650674,-1.0147425889965125,-1.095444154699599,-0.950957931590205,10682,0,1,-0.950957931590205,0.950957931590205,17
27/10/2022 16:02:25.507,0.0,0.0,-0.950957931590205,0.0,0.0,0.0,-0.22782106249130332,-0.6422199464947183,-0.3751374259677888,-1.089191304187428,-1.10909896155539,-0.950957931590205,10682,0,1,-0.950957931590205,0.950957931590205,17
27/10/2022 16:02:25.517,0.0,0.0,-0.950957931590205,0.0,0.0,0.0,0.29864184221706364,-0.5755018816168328,-0.5092781340652247,-0.9840872356826061,-1.119340066697233,-0.950957931590205,10682,0,1,-0.950957931590205,0.950957931590205,17
27/10/2022 16:02:25.53,0.0,0.0,-0.950957931590205,0.0,0.0,0.0,0.12315420731427465,-0.7171748095056759,-0.17392636382163496,-1.0016045804334097,-1.13128802269605,-0.950957931590205,10682,0,1,-0.950957931590205,0.950957931590205,17
27/10/2022 16:02:25.538,0.0,0.0,-0.950957931590205,0.0,0.0,0.0,-0.052333427588514336,-0.460186707753821,-0.7775595502600965,-1.1286053298767362,-1.1415291278378932,-0.950957931590205,10682,0,1,-0.950957931590205,0.950957931590205,17
27/10/2022 16:02:25.548,0.0,0.0,-0.950957931590205,0.0,0.0,0.0,-0.052333427588514336,-0.6372778676148749,-0.3751374259677888,-1.036639269935017,-1.1534770838367103,-0.950957931590205,10682,0,1,-0.950957931590205,0.950957931590205,17
27/10/2022 16:02:25.557,0.0,0.0,-0.950957931590205,0.0,0.0,0.0,-0.22782106249130332,-0.5606756449773027,-0.5763484881139427,-1.080432631812026,-1.1637181889785535,-0.950957931590205,10682,0,1,-0.950957931590205,0.950957931590205,17
27/10/2022 16:02:25.568,0.0,0.0,-0.950957931590205,0.0,0.0,0.0,0.29864184221706364,-0.5886807586297484,-0.5092781340652247,-0.9840872356826061,-1.1739592941203967,-0.950957931590205,10682,0,1,-0.950957931590205,0.950957931590205,17
27/10/2022 16:02:25.579,0.0,0.0,-0.950957931590205,0.0,0.0,0.0,-0.22782106249130332,-0.6875223362266157,-0.2409967178703529,-1.0760532956243252,-1.1842003992622399,-0.950957931590205,10682,0,1,-0.950957931590205,0.950957931590205,17
27/10/2022 16:02:25.589,0.0,0.0,-0.950957931590205,0.0,0.0,0.0,-0.052333427588514336,-0.7015248930528386,-0.2409967178703529,-1.0322599337473162,-1.196148355261057,-0.950957931590205,10682,0,1,-0.950957931590205,0.950957931590205,17
27/10/2022 16:02:25.599,0.0,0.0,-0.950957931590205,0.0,0.0,0.0,-0.052333427588514336,-0.7921296725166337,-0.039785655724199044,-1.0016045804334097,-1.2063894604029002,-0.950957931590205,10682,0,1,-0.950957931590205,0.950957931590205,17
27/10/2022 16:02:25.612,0.0,0.0,-0.950957931590205,0.0,0.0,0.0,-0.22782106249130332,-0.9173290041393322,0.29556611451939074,-0.9972252442457089,-1.218337416401717,-0.950957931590205,10682,0,1,-0.950957931590205,0.950957931590205,17
27/10/2022 16:02:25.62,0.0,0.0,-0.950957931590205,0.0,0.0,0.0,-0.052333427588514336,-1.0128758624829706,0.49677717666554455,-0.9665698909318025,-1.2285785215435603,-0.950957931590205,10682,0,1,-0.950957931590205,0.950957931590205,17
27/10/2022 16:02:25.63,0.0,0.0,-0.950957931590205,0.0,0.0,0.0,-0.052333427588514336,-1.1504303913052776,0.8321289469091343,-0.9315352014301952,-1.2371127758284297,-0.950957931590205,10682,0,1,-0.950957931590205,0.950957931590205,17
27/10/2022 16:02:25.64,0.0,0.0,-0.950957931590205,0.0,0.0,0.0,-0.22782106249130332,-1.141369913358898,0.8321289469091343,-0.9490525461809989,-1.2473538809702729,-0.950957931590205,10682,0,1,-0.950957931590205,0.950957931590205,17
27/10/2022 16:02:25.652,0.0,0.0,-0.950957931590205,0.0,0.0,0.0,0.29864184221706364,-0.8670845355275912,0.16142540642195483,-0.9183971928670925,-1.2610086878260638,-0.950957931590205,10682,0,1,-0.950957931590205,0.950957931590205,17
27/10/2022 16:02:25.662,0.0,0.0,-0.950957931590205,0.0,0.0,0.0,0.12315420731427465,-0.9535709159248501,0.36263646856810866,-0.9665698909318025,-1.269542942110933,-0.950957931590205,10682,0,1,-0.950957931590205,0.950957931590205,17
27/10/2022 16:02:25.672,0.0,0.0,-0.950957931590205,0.0,0.0,0.0,0.4741294771198526,-0.9815760295772958,0.42970682261682663,-0.9140178566793916,-1.2797840472527762,-0.950957931590205,10682,0,1,-0.950957931590205,0.950957931590205,17
27/10/2022 16:02:25.682,0.0,0.0,-0.950957931590205,0.0,0.0,0.0,0.29864184221706364,-0.8497872594481395,0.09435505237323687,-0.9753285633072043,-1.2917320032515933,-0.950957931590205,10682,0,1,-0.950957931590205,0.950957931590205,17
27/10/2022 16:02:25.692,0.0,0.0,-0.950957931590205,0.0,0.0,0.0,0.4741294771198526,-0.786363913823483,-0.039785655724199044,-0.944673209993298,-1.3002662575364625,-0.950957931590205,10682,0,1,-0.950957931590205,0.950957931590205,17
27/10/2022 16:02:25.703,0.0,0.0,-0.950957931590205,0.0,0.0,0.0,0.29864184221706364,-0.9115632454461815,0.29556611451939074,-0.9271558652424943,-1.3105073626783057,-0.950957931590205,10682,0,1,-0.950957931590205,0.950957931590205,17
27/10/2022 16:02:25.714,0.0,0.0,-0.950957931590205,0.0,0.0,0.0,0.12315420731427465,-0.82590054486223,0.09435505237323687,-0.9490525461809989,-1.320748467820149,-0.950957931590205,10682,0,1,-0.950957931590205,0.950957931590205,17
27/10/2022 16:02:25.723,0.0,0.0,-0.950957931590205,0.0,0.0,0.0,0.12315420731427465,-0.7822455147569469,-0.039785655724199044,-0.944673209993298,-1.3309895729619923,-0.950957931590205,10682,0,1,-0.950957931590205,0.950957931590205,17
27/10/2022 16:02:25.735,0.0,0.0,-0.950957931590205,0.0,0.0,0.0,0.12315420731427465,-0.7221168883855194,-0.17392636382163496,-0.944673209993298,-1.3412306781038354,-0.950957931590205,10682,0,1,-0.950957931590205,0.950957931590205,17
27/10/2022 16:02:25.744,0.0,0.0,-0.950957931590205,0.0,0.0,0.0,-0.052333427588514336,-0.7649482386774952,-0.106856009772917,-0.9227765290547933,-1.3514717832456786,-0.950957931590205,10682,0,1,-0.950957931590205,0.950957931590205,17
27/10/2022 16:02:25.755,0.0,0.0,-0.950957931590205,0.0,0.0,0.0,-0.22782106249130332,-1.043352015575338,0.5638475307142625,-0.8614658224269807,-1.3617128883875218,-0.950957931590205,10682,0,1,-0.950957931590205,0.950957931590205,17
27/10/2022 16:02:25.764,0.0,0.0,-0.950957931590205,0.0,0.0,0.0,-0.5787963322968813,-1.1833775838375666,0.8991993009578523,-0.8570864862392797,-1.370247142672391,-0.950957931590205,10682,0,1,-0.950957931590205,0.950957931590205,17
27/10/2022 16:02:25.776,0.0,0.0,-0.950957931590205,0.0,0.0,0.0,-0.4033086973940923,-1.1273673565326752,0.7650585928604163,-0.8220517967376725,-1.3804882478142342,-0.950957931590205,10682,0,1,-0.950957931590205,0.950957931590205,17
27/10/2022 16:02:25.786,0.0,0.0,-0.950957931590205,0.0,0.0,0.0,-0.5787963322968813,-1.228679973569464,1.0333400090552882,-0.8264311329253734,-1.3890225020991036,-0.950957931590205,10682,0,1,-0.950957931590205,0.950957931590205,17
27/10/2022 16:02:25.796,0.0,0.0,-0.950957931590205,0.0,0.0,0.0,-0.22782106249130332,-0.713880090252447,-0.17392636382163496,-0.8264311329253734,-1.3975567563839728,-0.950957931590205,10682,0,1,-0.950957931590205,0.950957931590205,17
27/10/2022 16:02:25.808,0.0,0.0,-0.950957931590205,0.0,0.0,0.0,-1.2807468719080373,-1.6924117084614334,2.1064656738347756,-0.7694997624852615,-1.4060910106688422,-0.950957931590205,10682,0,1,-0.950957931590205,0.950957931590205,17
27/10/2022 16:02:25.817,0.0,0.0,-0.950957931590205,0.0,0.0,0.0,-0.7542839671996703,-1.3827080986579157,1.368691779298878,-0.7169477282328507,-1.4146252649537114,-0.950957931590205,10682,0,1,-0.950957931590205,0.950957931590205,17
27/10/2022 16:02:25.827,0.0,0.0,-0.950957931590205,0.0,0.0,0.0,-1.2807468719080373,-1.7937243254982222,2.3747470900296475,-0.6950510472943461,-1.4214526683816069,-0.950957931590205,10682,0,1,-0.950957931590205,0.950957931590205,17
27/10/2022 16:02:25.837,0.0,0.0,-0.950957931590205,0.0,0.0,0.0,-0.5787963322968813,-1.4247157691365842,1.502832487396314,-0.646878349229636,-1.4282800718095023,-0.950957931590205,10682,0,1,-0.950957931590205,0.950957931590205,17
27/10/2022 16:02:25.848,0.0,0.0,-0.950957931590205,0.0,0.0,0.0,-0.7542839671996703,-1.6331067619033128,1.9723249657373396,-0.6337403406665334,-1.4351074752373978,-0.950957931590205,10682,0,1,-0.950957931590205,0.950957931590205,17
27/10/2022 16:02:25.858,0.0,0.0,-0.950957931590205,0.0,0.0,0.0,-1.2807468719080373,-2.0268257126641678,2.911309922419391,-0.6819130387312434,-1.4419348786652932,-0.950957931590205,10682,0,1,-0.950957931590205,0.950957931590205,17
27/10/2022 16:02:25.868,0.0,0.0,-0.950957931590205,0.0,0.0,0.0,-0.4033086973940923,-1.209735337863398,0.9662696550065702,-0.6950510472943461,-1.4487622820931887,-0.950957931590205,10682,0,1,-0.950957931590205,0.950957931590205,17
27/10/2022 16:02:25.879,0.0,0.0,-0.950957931590205,0.0,0.0,0.0,-0.5787963322968813,-1.4362472865228855,1.502832487396314,-0.6118436597280288,-1.4572965363780581,-0.950957931590205,10682,0,1,-0.950957931590205,0.950957931590205,17
27/10/2022 16:02:25.889,0.0,0.0,-0.950957931590205,0.0,0.0,0.0,-1.1052592370052483,-2.0260020328508603,2.911309922419391,-0.5417742807248143,-1.4624170889489798,-0.950957931590205,10682,0,1,-0.950957931590205,0.950957931590205,17
27/10/2022 16:02:25.899,0.0,0.0,-0.950957931590205,0.0,0.0,0.0,-0.22782106249130332,-1.1965564608504822,0.9662696550065702,-0.5724296340387206,-1.4692444923768753,-0.950957931590205,10682,0,1,-0.950957931590205,0.950957931590205,17
27/10/2022 16:02:25.909,0.0,0.0,-0.950957931590205,0.0,0.0,0.0,-1.2807468719080373,-2.327468844521306,3.6490838169552884,-0.5899469787895243,-1.4743650449477967,-0.950957931590205,10682,0,1,-0.950957931590205,0.950957931590205,17
27/10/2022 16:02:25.92,0.0,0.0,-0.950957931590205,0.0,0.0,0.0,-1.2807468719080373,-2.3818317121995825,3.783224525052724,-0.5636709616633189,-1.4811924483756922,-0.950957931590205,10682,0,1,-0.950957931590205,0.950957931590205,17
27/10/2022 16:02:25.931,0.0,0.0,-0.950957931590205,0.0,0.0,0.0,-0.22782106249130332,-1.4255394489498914,1.502832487396314,-0.5461536169125152,-1.4880198518035876,-0.950957931590205,10682,0,1,-0.950957931590205,0.950957931590205,17
27/10/2022 16:02:25.941,0.0,0.0,-0.950957931590205,0.0,0.0,0.0,-1.2807468719080373,-2.3373530022809925,3.6490838169552884,-0.5242569359740107,-1.4931404043745093,-0.950957931590205,10682,0,1,-0.950957931590205,0.950957931590205,17
27/10/2022 16:02:25.951,0.0,0.0,-0.950957931590205,0.0,0.0,0.0,-0.9297716021024592,-2.074599141835987,3.045450630516827,-0.506739591223207,-1.4999678078024048,-0.950957931590205,10682,0,1,-0.950957931590205,0.950957931590205,17
27/10/2022 16:02:25.962,0.0,0.0,-0.950957931590205,0.0,0.0,0.0,-1.4562345068108262,-2.5103257630755103,4.118576295296314,-0.4804635740970015,-1.5050883603733263,-0.950957931590205,10682,0,1,-0.950957931590205,0.950957931590205,17
27/10/2022 16:02:25.972,0.0,0.0,-0.950957931590205,0.0,0.0,0.0,-1.8072097766164041,-3.1198488249228586,-0.3751374259677888,-0.47170490172159973,-1.508502062087274,-0.950957931590205,10682,0,1,-0.950957931590205,0.950957931590205,17
27/10/2022 16:02:25.983,0.0,0.0,-0.950957931590205,0.0,0.0,0.0,-1.2807468719080373,-2.589399025153004,4.25271700339375,-0.41915286746918884,-1.5136226146581957,-0.950957931590205,10682,0,1,-0.950957931590205,0.950957931590205,17
27/10/2022 16:02:25.992,0.0,0.0,-0.950957931590205,0.0,0.0,0.0,-1.6317221417136152,-3.005357330873154,5.258772314124519,-0.40163552271838515,-1.5187431672291172,-0.950957931590205,10682,0,1,-0.950957931590205,0.950957931590205,17
27/10/2022 16:02:26.002,0.0,0.0,-0.950957931590205,0.0,0.0,0.0,-2.1581850464219823,-3.4550865089389,-0.3751374259677888,-0.4279115398445906,-1.522156868943065,-0.950957931590205,10682,0,1,-0.950957931590205,0.950957931590205,17
27/10/2022 16:02:26.013,0.0,0.0,-0.950957931590205,0.0,0.0,0.0,-0.22782106249130332,-1.904921100294698,2.643028506224519,-0.3271868075274697,-1.5272774215139866,-0.950957931590205,10682,0,1,-0.950957931590205,0.950957931590205,17
27/10/2022 16:02:26.025,0.0,0.0,-0.950957931590205,0.0,0.0,0.0,-0.9297716021024592,-2.408189466225414,3.850294879101442,-0.3184281351520679,-1.5306911232279343,-0.950957931590205,10682,0,1,-0.950957931590205,0.950957931590205,17
27/10/2022 16:02:26.033,0.0,0.0,-0.950957931590205,0.0,0.0,0.0,-3.035623220935927,-0.503841737859104,-0.3751374259677888,-0.29653145421356336,-1.532397974084908,-0.950957931590205,10682,0,1,-0.950957931590205,0.950957931590205,17
27/10/2022 16:02:26.046,0.0,0.0,-0.950957931590205,0.0,0.0,0.0,-2.860135586033138,-0.503841737859104,-0.3751374259677888,-0.2264620752103488,-1.5358116757988558,-0.950957931590205,10682,0,1,-0.950957931590205,0.950957931590205,17
27/10/2022 16:02:26.056,0.0,0.0,-0.950957931590205,0.0,0.0,0.0,-3.211110855838716,-0.503841737859104,-0.3751374259677888,-0.21332406664724607,-1.5375185266558298,-0.950957931590205,10682,0,1,-0.950957931590205,0.950957931590205,17
27/10/2022 16:02:26.066,0.0,0.0,-0.950957931590205,0.0,0.0,0.0,0.12315420731427465,-0.503841737859104,-0.3751374259677888,-0.21332406664724607,-1.5375185266558298,-0.950957931590205,10682,0,1,-0.950957931590205,0.950957931590205,17
27/10/2022 16:02:26.076,0.0,0.0,-0.950957931590205,0.0,0.0,0.0,-3.035623220935927,-0.503841737859104,-0.3751374259677888,-0.1344960152686297,-1.5375185266558298,-0.950957931590205,10682,0,1,-0.950957931590205,0.950957931590205,17
27/10/2022 16:02:26.088,0.0,0.0,-0.950957931590205,0.0,0.0,0.0,0.12315420731427465,-0.503841737859104,-0.3751374259677888,-0.1344960152686297,-1.5375185266558298,-0.950957931590205,10682,0,1,-0.950957931590205,0.950957931590205,17
27/10/2022 16:02:26.098,0.0,0.0,-0.950957931590205,0.0,0.0,0.0,0.12315420731427465,-0.503841737859104,-0.3751374259677888,-0.1344960152686297,-1.5375185266558298,-0.950957931590205,10682,0,1,-0.950957931590205,0.950957931590205,17
27/10/2022 16:02:26.108,0.0,0.0,-0.950957931590205,0.0,0.0,0.0,0.12315420731427465,-0.503841737859104,-0.3751374259677888,-0.1344960152686297,-1.5375185266558298,-0.950957931590205,10682,0,1,-0.950957931590205,0.950957931590205,17
27/10/2022 16:02:26.118,0.0,0.0,-0.950957931590205,0.0,0.0,0.0,0.12315420731427465,-0.503841737859104,-0.3751374259677888,-0.1344960152686297,-1.5375185266558298,-0.950957931590205,10682,0,1,-0.950957931590205,0.950957931590205,17
27/10/2022 16:02:26.128,0.0,0.0,-0.950957931590205,0.0,0.0,0.0,0.12315420731427465,-0.503841737859104,-0.3751374259677888,-0.1344960152686297,-1.5375185266558298,-0.950957931590205,10682,0,1,-0.950957931590205,0.950957931590205,17
27/10/2022 16:02:26.128,0.0,0.0,-0.950957931590205,0.0,0.0,0.0,0.12315420731427465,-0.503841737859104,-0.3751374259677888,-0.1344960152686297,-1.5375185266558298,-0.950957931590205,10682,0,1,-0.950957931590205,0.950957931590205,17
27/10/2022 16:02:26.128,0.0,0.0,-0.950957931590205,0.0,0.0,0.0,0.12315420731427465,-0.503841737859104,-0.3751374259677888,-0.1344960152686297,-1.5375185266558298,-0.950957931590205,10682,0,1,-0.950957931590205,0.950957931590205,17
27/10/2022 16:02:26.128,0.0,0.0,-0.950957931590205,0.0,0.0,0.0,0.12315420731427465,-0.503841737859104,-0.3751374259677888,-0.1344960152686297,-1.5375185266558298,-0.950957931590205,10682,0,1,-0.950957931590205,0.950957931590205,17
27/10/2022 16:02:26.128,0.0,0.0,-0.950957931590205,0.0,0.0,0.0,0.12315420731427465,-0.503841737859104,-0.3751374259677888,-0.1344960152686297,-1.5375185266558298,-0.950957931590205,10682,0,1,-0.950957931590205,0.950957931590205,17
27/10/2022 16:02:26.128,0.0,0.0,-0.950957931590205,0.0,0.0,0.0,0.12315420731427465,-0.503841737859104,-0.3751374259677888,-0.1344960152686297,-1.5375185266558298,-0.950957931590205,10682,0,1,-0.950957931590205,0.950957931590205,17
27/10/2022 16:02:26.128,0.0,0.0,-0.950957931590205,0.0,0.0,0.0,0.12315420731427465,-0.503841737859104,-0.3751374259677888,-0.1344960152686297,-1.5375185266558298,-0.950957931590205,10682,0,1,-0.950957931590205,0.950957931590205,17
27/10/2022 16:02:26.128,0.0,0.0,-0.950957931590205,0.0,0.0,0.0,0.12315420731427465,-0.503841737859104,-0.3751374259677888,-0.1344960152686297,-1.5375185266558298,-0.950957931590205,10682,0,1,-0.950957931590205,0.950957931590205,17
27/10/2022 16:02:26.128,0.0,0.0,-0.950957931590205,0.0,0.0,0.0,0.12315420731427465,-0.503841737859104,-0.3751374259677888,-0.1344960152686297,-1.5375185266558298,-0.950957931590205,10682,0,1,-0.950957931590205,0.950957931590205,17
