collect_time,Emergencyunlockingstatus,opendoor,openclosed,dooraction,lockswitchstate,closewtichstate,Voltage,current,Antipinchforce,speed,corner,prepra1,doorcount,opening,closing,opening_command,closing_command,label
4/11/2022 13:52:41.072,0.0,0.0,1.0515712281065748,0.0,0.0,0.0,0.12315420731427465,1.1122180558496761,0.42970682261682663,0.010022078925500298,-1.534104824941882,1.0515712281065748,11284,1,0,1.0515712281065748,-1.0515712281065746,21
4/11/2022 13:52:41.087,0.0,0.0,1.0515712281065748,0.0,0.0,0.0,-3.211110855838716,0.3429011102207257,-1.3811927366985581,0.649405162329833,-1.5272774215139866,1.0515712281065748,11284,1,0,1.0515712281065748,-1.0515712281065746,21
4/11/2022 13:52:41.097,0.0,0.0,1.0515712281065748,0.0,0.0,0.0,-2.860135586033138,0.7127333463956709,-0.5092781340652247,0.5443010938250112,-1.5204500180860911,1.0515712281065748,11284,1,0,1.0515712281065748,-1.0515712281065746,21
4/11/2022 13:52:41.107,0.0,0.0,1.0515712281065748,0.0,0.0,0.0,-2.3336726813247712,0.5735314579467494,-0.8446299043088145,0.5793357833266185,-1.5136226146581957,1.0515712281065748,11284,1,0,1.0515712281065748,-1.0515712281065746,21
4/11/2022 13:52:41.118,0.0,0.0,1.0515712281065748,0.0,0.0,0.0,-2.684647951130349,0.7975723671663153,-0.30806707191907085,0.6800605156437395,-1.5050883603733263,1.0515712281065748,11284,1,0,1.0515712281065748,-1.0515712281065746,21
4/11/2022 13:52:41.129,0.0,0.0,1.0515712281065748,0.0,0.0,0.0,-2.1581850464219823,0.6114207293588819,-0.7104891962113785,0.653784498517534,-1.4982609569454308,1.0515712281065748,11284,1,0,1.0515712281065748,-1.0515712281065746,21
4/11/2022 13:52:41.14,0.0,0.0,1.0515712281065748,0.0,0.0,0.0,-2.1581850464219823,0.644367921891171,-0.6434188421626607,0.7282332137084494,-1.4914335535175354,1.0515712281065748,11284,1,0,1.0515712281065748,-1.0515712281065746,21
4/11/2022 13:52:41.15,0.0,0.0,1.0515712281065748,0.0,0.0,0.0,-1.8072097766164041,0.6270706458117192,-0.7104891962113785,0.7150952051453467,-1.48460615008964,1.0515712281065748,11284,1,0,1.0515712281065748,-1.0515712281065746,21
4/11/2022 13:52:41.16,0.0,0.0,1.0515712281065748,0.0,0.0,0.0,-1.6317221417136152,0.5710604185068278,-0.8446299043088145,0.7764059117731594,-1.4760718958047707,1.0515712281065748,11284,1,0,1.0515712281065748,-1.0515712281065746,21
4/11/2022 13:52:41.17,0.0,0.0,1.0515712281065748,0.0,0.0,0.0,-1.6317221417136152,0.7300306224751226,-0.44220778001650674,0.7720265755854585,-1.4692444923768753,1.0515712281065748,11284,1,0,1.0515712281065748,-1.0515712281065746,21
4/11/2022 13:52:41.181,0.0,0.0,1.0515712281065748,0.0,0.0,0.0,-1.2807468719080373,0.7316779821017371,-0.44220778001650674,0.802681928899365,-1.459003387235032,1.0515712281065748,11284,1,0,1.0515712281065748,-1.0515712281065746,21
4/11/2022 13:52:41.191,0.0,0.0,1.0515712281065748,0.0,0.0,0.0,-1.1052592370052483,0.7860408497800141,-0.30806707191907085,0.8070612650870658,-1.4504691329501627,1.0515712281065748,11284,1,0,1.0515712281065748,-1.0515712281065746,21
4/11/2022 13:52:41.201,0.0,0.0,1.0515712281065748,0.0,0.0,0.0,-1.1052592370052483,0.8049854854860803,-0.30806707191907085,0.8990273250287849,-1.4402280278083195,1.0515712281065748,11284,1,0,1.0515712281065748,-1.0515712281065746,21
4/11/2022 13:52:41.212,0.0,0.0,1.0515712281065748,0.0,0.0,0.0,-1.4562345068108262,1.5042896469839164,1.368691779298878,0.7545092308346549,-1.433400624380424,1.0515712281065748,11284,1,0,1.0515712281065748,-1.0515712281065746,21
4/11/2022 13:52:41.222,0.0,0.0,1.0515712281065748,0.0,0.0,0.0,-1.8072097766164041,2.462229269860222,3.6490838169552884,0.5224044128865067,-1.4282800718095023,1.0515712281065748,11284,1,0,1.0515712281065748,-1.0515712281065746,21
4/11/2022 13:52:41.232,0.0,0.0,1.0515712281065748,0.0,0.0,0.0,-1.1052592370052483,2.184649172775686,2.978380276468109,0.4698523786340958,-1.4231595192385809,1.0515712281065748,11284,1,0,1.0515712281065748,-1.0515712281065746,21
4/11/2022 13:52:41.243,0.0,0.0,1.0515712281065748,0.0,0.0,0.0,-1.4562345068108262,2.5651892465236252,3.9173652331501603,0.509266404323404,-1.4180389666676592,1.0515712281065748,11284,1,0,1.0515712281065748,-1.0515712281065746,21
4/11/2022 13:52:41.252,0.0,0.0,1.0515712281065748,0.0,0.0,0.0,-2.3336726813247712,-0.501782538325836,-0.30806707191907085,0.45233503388329216,-1.4129184140967377,1.0515712281065748,11284,1,0,1.0515712281065748,-1.0515712281065746,21
4/11/2022 13:52:41.263,0.0,0.0,1.0515712281065748,0.0,0.0,0.0,-2.50916031622756,-0.501782538325836,-0.30806707191907085,0.4304383529447876,-1.40950471238279,1.0515712281065748,11284,1,0,1.0515712281065748,-1.0515712281065746,21
4/11/2022 13:52:41.274,0.0,0.0,1.0515712281065748,0.0,0.0,0.0,-0.4033086973940923,2.2233621240011257,3.1125209845655446,0.4173003443816849,-1.4043841598118683,1.0515712281065748,11284,1,0,1.0515712281065748,-1.0515712281065746,21
4/11/2022 13:52:41.287,0.0,0.0,1.0515712281065748,0.0,0.0,0.0,-0.7542839671996703,2.5841338822296915,3.984435587198878,0.4873697233848994,-1.3992636072409468,1.0515712281065748,11284,1,0,1.0515712281065748,-1.0515712281065746,21
4/11/2022 13:52:41.294,0.0,0.0,1.0515712281065748,0.0,0.0,0.0,0.29864184221706364,1.919424272890759,2.3747470900296475,0.46547304244639487,-1.394143054670025,1.0515712281065748,11284,1,0,1.0515712281065748,-1.0515712281065746,21
4/11/2022 13:52:41.306,0.0,0.0,1.0515712281065748,0.0,0.0,0.0,-1.2807468719080373,3.3378009114058047,-0.30806707191907085,0.5880944557020203,-1.3890225020991036,1.0515712281065748,11284,1,0,1.0515712281065748,-1.0515712281065746,21
4/11/2022 13:52:41.316,0.0,0.0,1.0515712281065748,0.0,0.0,0.0,-1.2807468719080373,3.3048537188735154,-0.30806707191907085,0.5705771109512167,-1.3821950986712082,1.0515712281065748,11284,1,0,1.0515712281065748,-1.0515712281065746,21
4/11/2022 13:52:41.326,0.0,0.0,1.0515712281065748,0.0,0.0,0.0,-0.9297716021024592,2.9976211485099196,-0.30806707191907085,0.5618184385758149,-1.3770745461002865,1.0515712281065748,11284,1,0,1.0515712281065748,-1.0515712281065746,21
4/11/2022 13:52:41.335,0.0,0.0,1.0515712281065748,0.0,0.0,0.0,-0.052333427588514336,2.4391662350876193,3.6490838169552884,0.5968531280774222,-1.370247142672391,1.0515712281065748,11284,1,0,1.0515712281065748,-1.0515712281065746,21
4/11/2022 13:52:41.347,0.0,0.0,1.0515712281065748,0.0,0.0,0.0,0.12315420731427465,2.637673070094661,4.118576295296314,0.6099911366405248,-1.3634197392444956,1.0515712281065748,11284,1,0,1.0515712281065748,-1.0515712281065746,21
4/11/2022 13:52:41.356,0.0,0.0,1.0515712281065748,0.0,0.0,0.0,0.12315420731427465,2.560247167643782,3.9173652331501603,0.6581638347052349,-1.3565923358166,1.0515712281065748,11284,1,0,1.0515712281065748,-1.0515712281065746,21
4/11/2022 13:52:41.368,0.0,0.0,1.0515712281065748,0.0,0.0,0.0,-0.052333427588514336,2.7282778495584563,4.3197873574424674,0.7545092308346549,-1.348058081531731,1.0515712281065748,11284,1,0,1.0515712281065748,-1.0515712281065746,21
4/11/2022 13:52:41.378,0.0,0.0,1.0515712281065748,0.0,0.0,0.0,0.29864184221706364,2.668972903000336,4.185646649345032,0.6931985242068421,-1.3412306781038354,1.0515712281065748,11284,1,0,1.0515712281065748,-1.0515712281065746,21
4/11/2022 13:52:41.387,0.0,0.0,1.0515712281065748,0.0,0.0,0.0,1.0005923818282196,2.0199132101142405,2.643028506224519,0.7720265755854585,-1.332696423818966,1.0515712281065748,11284,1,0,1.0515712281065748,-1.0515712281065746,21
4/11/2022 13:52:41.398,0.0,0.0,1.0515712281065748,0.0,0.0,0.0,-0.052333427588514336,2.966321315604245,-0.30806707191907085,0.7807852479608604,-1.3258690203910706,1.0515712281065748,11284,1,0,1.0515712281065748,-1.0515712281065746,21
4/11/2022 13:52:41.409,0.0,0.0,1.0515712281065748,0.0,0.0,0.0,1.0005923818282196,2.1451125417369394,2.911309922419391,0.8639926355271776,-1.3156279152492274,1.0515712281065748,11284,1,0,1.0515712281065748,-1.0515712281065746,21
4/11/2022 13:52:41.419,0.0,0.0,1.0515712281065748,0.0,0.0,0.0,0.8251047469254306,2.462229269860222,3.6490838169552884,0.8858893164656821,-1.307093660964358,1.0515712281065748,11284,1,0,1.0515712281065748,-1.0515712281065746,21
4/11/2022 13:52:41.429,0.0,0.0,1.0515712281065748,0.0,0.0,0.0,0.6496171120226416,2.5651892465236252,3.9173652331501603,0.9121653335918877,-1.2968525558225148,1.0515712281065748,11284,1,0,1.0515712281065748,-1.0515712281065746,21
4/11/2022 13:52:41.44,0.0,0.0,1.0515712281065748,0.0,0.0,0.0,1.8780305563421644,1.6673782500187475,1.7711139035911856,0.8990273250287849,-1.2883183015376456,1.0515712281065748,11284,1,0,1.0515712281065748,-1.0515712281065746,21
4/11/2022 13:52:41.45,0.0,0.0,1.0515712281065748,0.0,0.0,0.0,1.3515676516337976,2.1245205464042587,2.8442395683706727,0.8858893164656821,-1.2780771963958024,1.0515712281065748,11284,1,0,1.0515712281065748,-1.0515712281065746,21
4/11/2022 13:52:41.461,0.0,0.0,1.0515712281065748,0.0,0.0,0.0,1.0005923818282196,2.5668366061502397,3.9173652331501603,0.8771306440902804,-1.269542942110933,1.0515712281065748,11284,1,0,1.0515712281065748,-1.0515712281065746,21
4/11/2022 13:52:41.472,0.0,0.0,1.0515712281065748,0.0,0.0,0.0,1.5270552865365865,2.181354453522457,2.978380276468109,0.8771306440902804,-1.257594986112116,1.0515712281065748,11284,1,0,1.0515712281065748,-1.0515712281065746,21
4/11/2022 13:52:41.481,0.0,0.0,1.0515712281065748,0.0,0.0,0.0,1.5270552865365865,2.0701576787259817,2.710098860273237,0.9603380316565977,-1.2507675826842206,1.0515712281065748,11284,1,0,1.0515712281065748,-1.0515712281065746,21
4/11/2022 13:52:41.491,0.0,0.0,1.0515712281065748,0.0,0.0,0.0,1.7025429214393755,1.9054217160645361,2.3747470900296475,0.9472000230934949,-1.2405264775423774,1.0515712281065748,11284,1,0,1.0515712281065748,-1.0515712281065746,21
4/11/2022 13:52:41.501,0.0,0.0,1.0515712281065748,0.0,0.0,0.0,1.8780305563421644,1.7036201618042652,1.8381842576399037,1.047924755410616,-1.2302853724005343,1.0515712281065748,11284,1,0,1.0515712281065748,-1.0515712281065746,21
4/11/2022 13:52:41.513,0.0,0.0,1.0515712281065748,0.0,0.0,0.0,2.2290058261477426,1.6756150481518197,1.7711139035911856,0.9603380316565977,-1.218337416401717,1.0515712281065748,11284,1,0,1.0515712281065748,-1.0515712281065746,21
4/11/2022 13:52:41.522,0.0,0.0,1.0515712281065748,0.0,0.0,0.0,1.8780305563421644,2.1376994234171742,2.911309922419391,0.9690967040319994,-1.208096311259874,1.0515712281065748,11284,1,0,1.0515712281065748,-1.0515712281065746,21
4/11/2022 13:52:41.532,0.0,0.0,1.0515712281065748,0.0,0.0,0.0,1.7025429214393755,2.3600929730101257,3.4478727548091346,0.8902686526533831,-1.1978552061180308,1.0515712281065748,11284,1,0,1.0515712281065748,-1.0515712281065746,21
4/11/2022 13:52:41.543,0.0,0.0,1.0515712281065748,0.0,0.0,0.0,2.0535181912449536,2.152525660056704,2.911309922419391,0.8990273250287849,-1.1893209518331616,1.0515712281065748,11284,1,0,1.0515712281065748,-1.0515712281065746,21
4/11/2022 13:52:41.553,0.0,0.0,1.0515712281065748,0.0,0.0,0.0,1.5270552865365865,2.042976244886843,2.643028506224519,1.0742007725368212,-1.1790798466913182,1.0515712281065748,11284,1,0,1.0515712281065748,-1.0515712281065746,21
4/11/2022 13:52:41.565,0.0,0.0,1.0515712281065748,0.0,0.0,0.0,2.2290058261477426,1.6772624077784342,1.7711139035911856,0.9866140487828031,-1.1654250398355273,1.0515712281065748,11284,1,0,1.0515712281065748,-1.0515712281065746,21
4/11/2022 13:52:41.574,0.0,0.0,1.0515712281065748,0.0,0.0,0.0,1.8780305563421644,2.089925994245355,2.777169214321955,0.9647173678442985,-1.155183934693684,1.0515712281065748,11284,1,0,1.0515712281065748,-1.0515712281065746,21
4/11/2022 13:52:41.586,0.0,0.0,1.0515712281065748,0.0,0.0,0.0,2.4044934610505315,1.5001712479173803,1.368691779298878,1.0785801087245221,-1.144942829551841,1.0515712281065748,11284,1,0,1.0515712281065748,-1.0515712281065746,21
4/11/2022 13:52:41.596,0.0,0.0,1.0515712281065748,0.0,0.0,0.0,2.2290058261477426,1.5850102686880247,1.5699028414450318,1.1004767896630268,-1.132994873553024,1.0515712281065748,11284,1,0,1.0515712281065748,-1.0515712281065746,21
4/11/2022 13:52:41.607,0.0,0.0,1.0515712281065748,0.0,0.0,0.0,2.2290058261477426,1.4721661342649346,1.3016214252501601,1.0654421001614194,-1.119340066697233,1.0515712281065748,11284,1,0,1.0515712281065748,-1.0515712281065746,21
4/11/2022 13:52:41.617,0.0,0.0,1.0515712281065748,0.0,0.0,0.0,2.5799810959533205,1.6550230528191392,1.7711139035911856,1.0085107297213076,-1.10909896155539,1.0515712281065748,11284,1,0,1.0515712281065748,-1.0515712281065746,21
4/11/2022 13:52:41.627,0.0,0.0,1.0515712281065748,0.0,0.0,0.0,2.4044934610505315,1.4466320600524105,1.234551071201442,1.1004767896630268,-1.0971510055565727,1.0515712281065748,11284,1,0,1.0515712281065748,-1.0515712281065746,21
4/11/2022 13:52:41.638,0.0,0.0,1.0515712281065748,0.0,0.0,0.0,2.2290058261477426,1.9367215489702108,2.441817444078365,1.0523040915983168,-1.0869099004147296,1.0515712281065748,11284,1,0,1.0515712281065748,-1.0515712281065746,21
4/11/2022 13:52:41.648,0.0,0.0,1.0515712281065748,0.0,0.0,0.0,2.5799810959533205,1.4070954290136637,1.1674807171527242,1.087338781099924,-1.0749619444159126,1.0515712281065748,11284,1,0,1.0515712281065748,-1.0515712281065746,21
4/11/2022 13:52:41.657,0.0,0.0,1.0515712281065748,0.0,0.0,0.0,2.0535181912449536,1.6154864217803921,1.6369731954937499,1.1968221857924468,-1.0664276901310432,1.0515712281065748,11284,1,0,1.0515712281065748,-1.0515712281065746,21
4/11/2022 13:52:41.668,0.0,0.0,1.0515712281065748,0.0,0.0,0.0,1.8780305563421644,1.7662198276156147,2.0393953197860575,1.188063513417045,-1.0493591815613046,1.0515712281065748,11284,1,0,1.0515712281065748,-1.0515712281065746,21
4/11/2022 13:52:41.679,0.0,0.0,1.0515712281065748,0.0,0.0,0.0,2.5799810959533205,0.9021797034563332,-0.039785655724199044,1.2143395305432505,-1.0374112255624874,1.0515712281065748,11284,1,0,1.0515712281065748,-1.0515712281065746,21
4/11/2022 13:52:41.689,0.0,0.0,1.0515712281065748,0.0,0.0,0.0,1.3515676516337976,1.585833948501332,1.5699028414450318,1.3457196161742777,-1.0254632695636705,1.0515712281065748,11284,1,0,1.0515712281065748,-1.0515712281065746,21
4/11/2022 13:52:41.7,0.0,0.0,1.0515712281065748,0.0,0.0,0.0,2.0535181912449536,1.0372631928387186,0.29556611451939074,1.284408909546465,-1.0118084627078796,1.0515712281065748,11284,1,0,1.0515712281065748,-1.0515712281065746,21
4/11/2022 13:52:41.71,0.0,0.0,1.0515712281065748,0.0,0.0,0.0,2.0535181912449536,1.4087427886402781,1.1674807171527242,1.2187188667309512,-0.9981536558520887,1.0515712281065748,11284,1,0,1.0515712281065748,-1.0515712281065746,21
4/11/2022 13:52:41.72,0.0,0.0,1.0515712281065748,0.0,0.0,0.0,2.0535181912449536,1.111394376036369,0.42970682261682663,1.227477539106353,-0.9862056998532717,1.0515712281065748,11284,1,0,1.0515712281065748,-1.0515712281065746,21
4/11/2022 13:52:41.731,0.0,0.0,1.0515712281065748,0.0,0.0,0.0,1.7025429214393755,1.0001976012398932,0.16142540642195483,1.376374969488184,-0.9725508929974807,1.0515712281065748,11284,1,0,1.0515712281065748,-1.0515712281065746,21
4/11/2022 13:52:41.741,0.0,0.0,1.0515712281065748,0.0,0.0,0.0,1.7025429214393755,0.9054744227095621,-0.039785655724199044,1.332581607611175,-0.9588960861416898,1.0515712281065748,11284,1,0,1.0515712281065748,-1.0515712281065746,21
4/11/2022 13:52:41.751,0.0,0.0,1.0515712281065748,0.0,0.0,0.0,1.7025429214393755,0.7753330122070201,-0.3751374259677888,1.3676162971127823,-0.943534428428925,1.0515712281065748,11284,1,0,1.0515712281065748,-1.0515712281065746,21
4/11/2022 13:52:41.761,0.0,0.0,1.0515712281065748,0.0,0.0,0.0,2.0535181912449536,0.76050677556749,-0.3751374259677888,1.280029573358764,-0.9298796215731341,1.0515712281065748,11284,1,0,1.0515712281065748,-1.0515712281065746,21
4/11/2022 13:52:41.771,0.0,0.0,1.0515712281065748,0.0,0.0,0.0,1.3515676516337976,1.1377521300622002,0.49677717666554455,1.3063055904849694,-0.917931665574317,1.0515712281065748,11284,1,0,1.0515712281065748,-1.0515712281065746,21
4/11/2022 13:52:41.781,0.0,0.0,1.0515712281065748,0.0,0.0,0.0,1.7025429214393755,0.8939429053232609,-0.039785655724199044,1.2406155476694558,-0.9042768587185261,1.0515712281065748,11284,1,0,1.0515712281065748,-1.0515712281065746,21
4/11/2022 13:52:41.793,0.0,0.0,1.0515712281065748,0.0,0.0,0.0,1.3515676516337976,0.9277137776688573,0.027284698324518908,1.328202271423474,-0.8906220518627352,1.0515712281065748,11284,1,0,1.0515712281065748,-1.0515712281065746,21
4/11/2022 13:52:41.803,0.0,0.0,1.0515712281065748,0.0,0.0,0.0,1.7025429214393755,0.8066328451126947,-0.30806707191907085,1.2668915647956613,-0.8786740958639182,1.0515712281065748,11284,1,0,1.0515712281065748,-1.0515712281065746,21
4/11/2022 13:52:41.814,0.0,0.0,1.0515712281065748,0.0,0.0,0.0,1.3515676516337976,0.6064786504790385,-0.7775595502600965,1.3457196161742777,-0.8616055872941796,1.0515712281065748,11284,1,0,1.0515712281065748,-1.0515712281065746,21
4/11/2022 13:52:41.823,0.0,0.0,1.0515712281065748,0.0,0.0,0.0,1.7025429214393755,0.644367921891171,-0.6434188421626607,1.2230982029186521,-0.8530713330093103,1.0515712281065748,11284,1,0,1.0515712281065748,-1.0515712281065746,21
4/11/2022 13:52:41.834,0.0,0.0,1.0515712281065748,0.0,0.0,0.0,1.1760800167310086,0.8288722000719899,-0.2409967178703529,1.2712709009833623,-0.8342959735825977,1.0515712281065748,11284,1,0,1.0515712281065748,-1.0515712281065746,21
4/11/2022 13:52:41.843,0.0,0.0,1.0515712281065748,0.0,0.0,0.0,1.3515676516337976,0.5084607526954784,-0.9787706124062504,1.3194435990480722,-0.8206411667268068,1.0515712281065748,11284,1,0,1.0515712281065748,-1.0515712281065746,21
4/11/2022 13:52:41.856,0.0,0.0,1.0515712281065748,0.0,0.0,0.0,0.6496171120226416,0.7160280656488998,-0.5092781340652247,1.3500989523619786,-0.805279509014042,1.0515712281065748,11284,1,0,1.0515712281065748,-1.0515712281065746,21
4/11/2022 13:52:41.867,0.0,0.0,1.0515712281065748,0.0,0.0,0.0,1.0005923818282196,0.7407384600481166,-0.44220778001650674,1.2668915647956613,-0.793331553015225,1.0515712281065748,11284,1,0,1.0515712281065748,-1.0515712281065746,21
4/11/2022 13:52:41.876,0.0,0.0,1.0515712281065748,0.0,0.0,0.0,1.1760800167310086,0.7160280656488998,-0.5092781340652247,1.2143395305432505,-0.779676746159434,1.0515712281065748,11284,1,0,1.0515712281065748,-1.0515712281065746,21
4/11/2022 13:52:41.887,0.0,0.0,1.0515712281065748,0.0,0.0,0.0,0.8251047469254306,0.832990599138526,-0.2409967178703529,1.2537535562325586,-0.767728790160617,1.0515712281065748,11284,1,0,1.0515712281065748,-1.0515712281065746,21
4/11/2022 13:52:41.898,0.0,0.0,1.0515712281065748,0.0,0.0,0.0,1.0005923818282196,0.857700993537743,-0.17392636382163496,1.227477539106353,-0.7540739833048261,1.0515712281065748,11284,1,0,1.0515712281065748,-1.0515712281065746,21
4/11/2022 13:52:41.909,0.0,0.0,1.0515712281065748,0.0,0.0,0.0,1.0005923818282196,0.8914718658833393,-0.106856009772917,1.2099601943555496,-0.7421260273060091,1.0515712281065748,11284,1,0,1.0515712281065748,-1.0515712281065746,21
4/11/2022 13:52:41.917,0.0,0.0,1.0515712281065748,0.0,0.0,0.0,1.1760800167310086,0.6180101678653397,-0.7104891962113785,1.231856875294054,-0.7284712204502182,1.0515712281065748,11284,1,0,1.0515712281065748,-1.0515712281065746,21
4/11/2022 13:52:41.929,0.0,0.0,1.0515712281065748,0.0,0.0,0.0,1.1760800167310086,0.6715493557303095,-0.5763484881139427,1.188063513417045,-0.7148164135944273,1.0515712281065748,11284,1,0,1.0515712281065748,-1.0515712281065746,21
4/11/2022 13:52:41.938,0.0,0.0,1.0515712281065748,0.0,0.0,0.0,0.8251047469254306,0.7036728684492913,-0.5092781340652247,1.2493742200448577,-0.7028684575956101,1.0515712281065748,11284,1,0,1.0515712281065748,-1.0515712281065746,21
4/11/2022 13:52:41.95,0.0,0.0,1.0515712281065748,0.0,0.0,0.0,0.8251047469254306,0.5982418523459663,-0.7775595502600965,1.2712709009833623,-0.6875067998828454,1.0515712281065748,11284,1,0,1.0515712281065748,-1.0515712281065746,21
4/11/2022 13:52:41.96,0.0,0.0,1.0515712281065748,0.0,0.0,0.0,1.0005923818282196,0.7901592488465502,-0.30806707191907085,1.1749255048539422,-0.6755588438840283,1.0515712281065748,11284,1,0,1.0515712281065748,-1.0515712281065746,21
4/11/2022 13:52:41.969,0.0,0.0,1.0515712281065748,0.0,0.0,0.0,0.29864184221706364,0.7184991050888214,-0.5092781340652247,1.3544782885496796,-0.667024589599159,1.0515712281065748,11284,1,0,1.0515712281065748,-1.0515712281065746,21
4/11/2022 13:52:41.98,0.0,0.0,1.0515712281065748,0.0,0.0,0.0,0.6496171120226416,0.695436070316219,-0.5092781340652247,1.2449948838571567,-0.6499560810294204,1.0515712281065748,11284,1,0,1.0515712281065748,-1.0515712281065746,21
4/11/2022 13:52:41.99,0.0,0.0,1.0515712281065748,0.0,0.0,0.0,0.6496171120226416,0.5232869893350085,-0.9787706124062504,1.2931675819218669,-0.6363012741736295,1.0515712281065748,11284,1,0,1.0515712281065748,-1.0515712281065746,21
4/11/2022 13:52:42.001,0.0,0.0,1.0515712281065748,0.0,0.0,0.0,0.6496171120226416,0.7184991050888214,-0.5092781340652247,1.183684177229344,-0.6243533181748124,1.0515712281065748,11284,1,0,1.0515712281065748,-1.0515712281065746,21
4/11/2022 13:52:42.012,0.0,0.0,1.0515712281065748,0.0,0.0,0.0,0.6496171120226416,0.6023602514125024,-0.7775595502600965,1.227477539106353,-0.6106985113190215,1.0515712281065748,11284,1,0,1.0515712281065748,-1.0515712281065746,21
4/11/2022 13:52:42.022,0.0,0.0,1.0515712281065748,0.0,0.0,0.0,0.4741294771198526,0.6806098336766889,-0.5763484881139427,1.188063513417045,-0.5987505553202045,1.0515712281065748,11284,1,0,1.0515712281065748,-1.0515712281065746,21
4/11/2022 13:52:42.031,0.0,0.0,1.0515712281065748,0.0,0.0,0.0,0.6496171120226416,0.5817682560798216,-0.8446299043088145,1.2055808581678487,-0.5868025993213875,1.0515712281065748,11284,1,0,1.0515712281065748,-1.0515712281065746,21
4/11/2022 13:52:42.042,0.0,0.0,1.0515712281065748,0.0,0.0,0.0,0.6496171120226416,0.6608415181573155,-0.6434188421626607,1.1705461686662413,-0.5748546433225704,1.0515712281065748,11284,1,0,1.0515712281065748,-1.0515712281065746,21
4/11/2022 13:52:42.053,0.0,0.0,1.0515712281065748,0.0,0.0,0.0,0.29864184221706364,0.6748440749835384,-0.5763484881139427,1.231856875294054,-0.5594929856098055,1.0515712281065748,11284,1,0,1.0515712281065748,-1.0515712281065746,21
4/11/2022 13:52:42.063,0.0,0.0,1.0515712281065748,0.0,0.0,0.0,0.4741294771198526,0.8947665851365681,-0.039785655724199044,1.1486494877277367,-0.5475450296109885,1.0515712281065748,11284,1,0,1.0515712281065748,-1.0515712281065746,21
4/11/2022 13:52:42.073,0.0,0.0,1.0515712281065748,0.0,0.0,0.0,0.6496171120226416,0.6501336805843215,-0.6434188421626607,1.1705461686662413,-0.5355970736121715,1.0515712281065748,11284,1,0,1.0515712281065748,-1.0515712281065746,21
4/11/2022 13:52:42.084,0.0,0.0,1.0515712281065748,0.0,0.0,0.0,0.6496171120226416,0.651781040210936,-0.6434188421626607,1.1530288239154376,-0.5236491176133544,1.0515712281065748,11284,1,0,1.0515712281065748,-1.0515712281065746,21
4/11/2022 13:52:42.094,0.0,0.0,1.0515712281065748,0.0,0.0,0.0,0.4741294771198526,0.716851745462207,-0.5092781340652247,1.1705461686662413,-0.5117011616145374,1.0515712281065748,11284,1,0,1.0515712281065748,-1.0515712281065746,21
4/11/2022 13:52:42.103,0.0,0.0,1.0515712281065748,0.0,0.0,0.0,0.4741294771198526,0.5949471330927373,-0.7775595502600965,1.2055808581678487,-0.49975320561572034,1.0515712281065748,11284,1,0,1.0515712281065748,-1.0515712281065746,21
4/11/2022 13:52:42.115,0.0,0.0,1.0515712281065748,0.0,0.0,0.0,0.6496171120226416,0.66248887778393,-0.6434188421626607,1.1442701515400358,-0.4878052496169033,1.0515712281065748,11284,1,0,1.0515712281065748,-1.0515712281065746,21
4/11/2022 13:52:42.124,0.0,0.0,1.0515712281065748,0.0,0.0,0.0,0.4741294771198526,0.8231064413788394,-0.2409967178703529,1.1136147982261295,-0.47585729361808626,1.0515712281065748,11284,1,0,1.0515712281065748,-1.0515712281065746,21
4/11/2022 13:52:42.136,0.0,0.0,1.0515712281065748,0.0,0.0,0.0,0.6496171120226416,0.7292069426618154,-0.44220778001650674,1.1223734706015314,-0.46390933761926917,1.0515712281065748,11284,1,0,1.0515712281065748,-1.0515712281065746,21
4/11/2022 13:52:42.147,0.0,0.0,1.0515712281065748,0.0,0.0,0.0,0.4741294771198526,0.6558994392774722,-0.6434188421626607,1.1793048410416431,-0.45196138162045213,1.0515712281065748,11284,1,0,1.0515712281065748,-1.0515712281065746,21
4/11/2022 13:52:42.155,0.0,0.0,1.0515712281065748,0.0,0.0,0.0,0.8251047469254306,0.7283832628485082,-0.44220778001650674,1.087338781099924,-0.4400134256216351,1.0515712281065748,11284,1,0,1.0515712281065748,-1.0515712281065746,21
4/11/2022 13:52:42.167,0.0,0.0,1.0515712281065748,0.0,0.0,0.0,0.12315420731427465,0.7629778150074117,-0.3751374259677888,1.2493742200448577,-0.42806546962281805,1.0515712281065748,11284,1,0,1.0515712281065748,-1.0515712281065746,21
4/11/2022 13:52:42.178,0.0,0.0,1.0515712281065748,0.0,0.0,0.0,0.4741294771198526,0.7951013277263936,-0.30806707191907085,1.1223734706015314,-0.41441066276702715,1.0515712281065748,11284,1,0,1.0515712281065748,-1.0515712281065746,21
4/11/2022 13:52:42.19,0.0,0.0,1.0515712281065748,0.0,0.0,0.0,0.6496171120226416,0.7300306224751226,-0.44220778001650674,1.1486494877277367,-0.40246270676821005,1.0515712281065748,11284,1,0,1.0515712281065748,-1.0515712281065746,21
4/11/2022 13:52:42.199,0.0,0.0,1.0515712281065748,0.0,0.0,0.0,0.4741294771198526,0.8346379587651405,-0.2409967178703529,1.1311321429769332,-0.390514750769393,1.0515712281065748,11284,1,0,1.0515712281065748,-1.0515712281065746,21
4/11/2022 13:52:42.208,0.0,0.0,1.0515712281065748,0.0,0.0,0.0,0.8251047469254306,0.7077912675158274,-0.5092781340652247,1.0654421001614194,-0.378566794770576,1.0515712281065748,11284,1,0,1.0515712281065748,-1.0515712281065746,21
4/11/2022 13:52:42.218,0.0,0.0,1.0515712281065748,0.0,0.0,0.0,0.6496171120226416,0.6073023302923457,-0.7775595502600965,1.1661668324785404,-0.36661883877175894,1.0515712281065748,11284,1,0,1.0515712281065748,-1.0515712281065746,21
4/11/2022 13:52:42.23,0.0,0.0,1.0515712281065748,0.0,0.0,0.0,0.4741294771198526,0.7135570262089781,-0.5092781340652247,1.1574081601031385,-0.3546708827729419,1.0515712281065748,11284,1,0,1.0515712281065748,-1.0515712281065746,21
4/11/2022 13:52:42.24,0.0,0.0,1.0515712281065748,0.0,0.0,0.0,0.29864184221706364,0.9779582462805981,0.16142540642195483,1.1004767896630268,-0.34272292677412486,1.0515712281065748,11284,1,0,1.0515712281065748,-1.0515712281065746,21
4/11/2022 13:52:42.25,0.0,0.0,1.0515712281065748,0.0,0.0,0.0,0.4741294771198526,0.9771345664672909,0.16142540642195483,1.0960974534753258,-0.3324818216322816,1.0515712281065748,11284,1,0,1.0515712281065748,-1.0515712281065746,21
4/11/2022 13:52:42.26,0.0,0.0,1.0515712281065748,0.0,0.0,0.0,0.6496171120226416,0.8264011606320683,-0.2409967178703529,1.0742007725368212,-0.3205338656334646,1.0515712281065748,11284,1,0,1.0515712281065748,-1.0515712281065746,21
4/11/2022 13:52:42.271,0.0,0.0,1.0515712281065748,0.0,0.0,0.0,0.6496171120226416,0.7465042187412672,-0.44220778001650674,1.1136147982261295,-0.30858590963464755,1.0515712281065748,11284,1,0,1.0515712281065748,-1.0515712281065746,21
4/11/2022 13:52:42.282,0.0,0.0,1.0515712281065748,0.0,0.0,0.0,0.4741294771198526,0.8313432395119116,-0.2409967178703529,1.1574081601031385,-0.29834480449280437,1.0515712281065748,11284,1,0,1.0515712281065748,-1.0515712281065746,21
4/11/2022 13:52:42.291,0.0,0.0,1.0515712281065748,0.0,0.0,0.0,0.6496171120226416,0.930184817108779,0.027284698324518908,1.082959444912223,-0.28639684849398733,1.0515712281065748,11284,1,0,1.0515712281065748,-1.0515712281065746,21
4/11/2022 13:52:42.302,0.0,0.0,1.0515712281065748,0.0,0.0,0.0,0.6496171120226416,0.7283832628485082,-0.44220778001650674,1.1486494877277367,-0.2744488924951703,1.0515712281065748,11284,1,0,1.0515712281065748,-1.0515712281065746,21
4/11/2022 13:52:42.311,0.0,0.0,1.0515712281065748,0.0,0.0,0.0,0.4741294771198526,0.7209701445287431,-0.5092781340652247,1.1661668324785404,-0.2625009364963532,1.0515712281065748,11284,1,0,1.0515712281065748,-1.0515712281065746,21
4/11/2022 13:52:42.324,0.0,0.0,1.0515712281065748,0.0,0.0,0.0,0.4741294771198526,0.6287180054383337,-0.7104891962113785,1.1661668324785404,-0.2488461296405623,1.0515712281065748,11284,1,0,1.0515712281065748,-1.0515712281065746,21
4/11/2022 13:52:42.332,0.0,0.0,1.0515712281065748,0.0,0.0,0.0,0.4741294771198526,0.6871992721831468,-0.5763484881139427,1.1179941344138304,-0.23860502449871912,1.0515712281065748,11284,1,0,1.0515712281065748,-1.0515712281065746,21
4/11/2022 13:52:42.343,0.0,0.0,1.0515712281065748,0.0,0.0,0.0,0.12315420731427465,0.6328364045048698,-0.7104891962113785,1.2449948838571567,-0.22665706849990208,1.0515712281065748,11284,1,0,1.0515712281065748,-1.0515712281065746,21
4/11/2022 13:52:42.353,0.0,0.0,1.0515712281065748,0.0,0.0,0.0,0.29864184221706364,0.7119096665823637,-0.5092781340652247,1.192442849604746,-0.2112954107871373,1.0515712281065748,11284,1,0,1.0515712281065748,-1.0515712281065746,21
4/11/2022 13:52:42.363,0.0,0.0,1.0515712281065748,0.0,0.0,0.0,0.29864184221706364,0.8436984367115201,-0.17392636382163496,1.1398908153523348,-0.2010543056452941,1.0515712281065748,11284,1,0,1.0515712281065748,-1.0515712281065746,21
4/11/2022 13:52:42.374,0.0,0.0,1.0515712281065748,0.0,0.0,0.0,0.29864184221706364,0.7992197267929297,-0.30806707191907085,1.1311321429769332,-0.18910634964647707,1.0515712281065748,11284,1,0,1.0515712281065748,-1.0515712281065746,21
4/11/2022 13:52:42.384,0.0,0.0,1.0515712281065748,0.0,0.0,0.0,0.4741294771198526,0.8181643624989959,-0.2409967178703529,1.0960974534753258,-0.17715839364766,1.0515712281065748,11284,1,0,1.0515712281065748,-1.0515712281065746,21
4/11/2022 13:52:42.394,0.0,0.0,1.0515712281065748,0.0,0.0,0.0,0.4741294771198526,0.7662725342606406,-0.3751374259677888,1.1048561258507277,-0.16691728850581683,1.0515712281065748,11284,1,0,1.0515712281065748,-1.0515712281065746,21
4/11/2022 13:52:42.406,0.0,0.0,1.0515712281065748,0.0,0.0,0.0,0.6496171120226416,0.7975723671663153,-0.30806707191907085,1.0347867468475132,-0.15326248165002593,1.0515712281065748,11284,1,0,1.0515712281065748,-1.0515712281065746,21
4/11/2022 13:52:42.416,0.0,0.0,1.0515712281065748,0.0,0.0,0.0,0.4741294771198526,0.6484863209577071,-0.6434188421626607,1.1574081601031385,-0.14131452565120886,1.0515712281065748,11284,1,0,1.0515712281065748,-1.0515712281065746,21
4/11/2022 13:52:42.425,0.0,0.0,1.0515712281065748,0.0,0.0,0.0,0.29864184221706364,0.9985502416132789,0.16142540642195483,1.1048561258507277,-0.13278027136633955,1.0515712281065748,11284,1,0,1.0515712281065748,-1.0515712281065746,21
4/11/2022 13:52:42.437,0.0,0.0,1.0515712281065748,0.0,0.0,0.0,0.4741294771198526,0.9310084969220862,0.027284698324518908,1.0566834277860178,-0.11912546451054863,1.0515712281065748,11284,1,0,1.0515712281065748,-1.0515712281065746,21
4/11/2022 13:52:42.448,0.0,0.0,1.0515712281065748,0.0,0.0,0.0,0.29864184221706364,0.8675851512974296,-0.106856009772917,1.1267528067892323,-0.10717750851173158,1.0515712281065748,11284,1,0,1.0515712281065748,-1.0515712281065746,21
4/11/2022 13:52:42.457,0.0,0.0,1.0515712281065748,0.0,0.0,0.0,0.4741294771198526,0.7885118892199358,-0.30806707191907085,1.0785801087245221,-0.09522955251291454,1.0515712281065748,11284,1,0,1.0515712281065748,-1.0515712281065746,21
4/11/2022 13:52:42.468,0.0,0.0,1.0515712281065748,0.0,0.0,0.0,0.6496171120226416,0.7069675877025202,-0.5092781340652247,1.0698214363491203,-0.08328159651409749,1.0515712281065748,11284,1,0,1.0515712281065748,-1.0515712281065746,21
4/11/2022 13:52:42.478,0.0,0.0,1.0515712281065748,0.0,0.0,0.0,0.29864184221706364,0.8198117221256104,-0.2409967178703529,1.1705461686662413,-0.0730404913722543,1.0515712281065748,11284,1,0,1.0515712281065748,-1.0515712281065746,21
4/11/2022 13:52:42.488,0.0,0.0,1.0515712281065748,0.0,0.0,0.0,0.4741294771198526,0.8815877081236525,-0.106856009772917,1.0785801087245221,-0.06109253537343725,1.0515712281065748,11284,1,0,1.0515712281065748,-1.0515712281065746,21
4/11/2022 13:52:42.498,0.0,0.0,1.0515712281065748,0.0,0.0,0.0,0.6496171120226416,0.6863755923698396,-0.5763484881139427,1.0742007725368212,-0.050851430231594066,1.0515712281065748,11284,1,0,1.0515712281065748,-1.0515712281065746,21
4/11/2022 13:52:42.509,0.0,0.0,1.0515712281065748,0.0,0.0,0.0,0.29864184221706364,0.890648186070032,-0.106856009772917,1.1092354620384286,-0.03548977251882929,1.0515712281065748,11284,1,0,1.0515712281065748,-1.0515712281065746,21
4/11/2022 13:52:42.519,0.0,0.0,1.0515712281065748,0.0,0.0,0.0,0.6496171120226416,0.7934539680997791,-0.30806707191907085,1.0960974534753258,-0.023541816520012238,1.0515712281065748,11284,1,0,1.0515712281065748,-1.0515712281065746,21
4/11/2022 13:52:42.53,0.0,0.0,1.0515712281065748,0.0,0.0,0.0,0.4741294771198526,0.8782929888704236,-0.106856009772917,1.1048561258507277,-0.013300711378169055,1.0515712281065748,11284,1,0,1.0515712281065748,-1.0515712281065746,21
4/11/2022 13:52:42.539,0.0,0.0,1.0515712281065748,0.0,0.0,0.0,0.29864184221706364,0.6674309566637734,-0.5763484881139427,1.192442849604746,-0.001352755379352005,1.0515712281065748,11284,1,0,1.0515712281065748,-1.0515712281065746,21
4/11/2022 13:52:42.55,0.0,0.0,1.0515712281065748,0.0,0.0,0.0,0.29864184221706364,0.8296958798852971,-0.2409967178703529,1.1311321429769332,0.00888834976249118,1.0515712281065748,11284,1,0,1.0515712281065748,-1.0515712281065746,21
4/11/2022 13:52:42.561,0.0,0.0,1.0515712281065748,0.0,0.0,0.0,0.6496171120226416,0.7901592488465502,-0.30806707191907085,1.043545419222915,0.022543156618282094,1.0515712281065748,11284,1,0,1.0515712281065748,-1.0515712281065746,21
4/11/2022 13:52:42.572,0.0,0.0,1.0515712281065748,0.0,0.0,0.0,0.12315420731427465,0.919476979535785,-0.039785655724199044,1.1355114791646341,0.03449111261709914,1.0515712281065748,11284,1,0,1.0515712281065748,-1.0515712281065746,21
4/11/2022 13:52:42.581,0.0,0.0,1.0515712281065748,0.0,0.0,0.0,0.4741294771198526,0.8618193926042791,-0.17392636382163496,1.1267528067892323,0.04473221775894232,1.0515712281065748,11284,1,0,1.0515712281065748,-1.0515712281065746,21
4/11/2022 13:52:42.592,0.0,0.0,1.0515712281065748,0.0,0.0,0.0,0.12315420731427465,1.1468126080085799,0.5638475307142625,1.082959444912223,0.056680173757759376,1.0515712281065748,11284,1,0,1.0515712281065748,-1.0515712281065746,21
4/11/2022 13:52:42.602,0.0,0.0,1.0515712281065748,0.0,0.0,0.0,0.29864184221706364,0.8931192255099537,-0.039785655724199044,1.1136147982261295,0.06862812975657642,1.0515712281065748,11284,1,0,1.0515712281065748,-1.0515712281065746,21
4/11/2022 13:52:42.612,0.0,0.0,1.0515712281065748,0.0,0.0,0.0,0.4741294771198526,0.7975723671663153,-0.30806707191907085,1.1223734706015314,0.07886923489841961,1.0515712281065748,11284,1,0,1.0515712281065748,-1.0515712281065746,21
4/11/2022 13:52:42.622,0.0,0.0,1.0515712281065748,0.0,0.0,0.0,0.6496171120226416,0.7176754252755142,-0.5092781340652247,1.0742007725368212,0.09081719089723665,1.0515712281065748,11284,1,0,1.0515712281065748,-1.0515712281065746,21
4/11/2022 13:52:42.633,0.0,0.0,1.0515712281065748,0.0,0.0,0.0,0.12315420731427465,0.8428747568982128,-0.17392636382163496,1.2143395305432505,0.10105829603907984,1.0515712281065748,11284,1,0,1.0515712281065748,-1.0515712281065746,21
4/11/2022 13:52:42.643,0.0,0.0,1.0515712281065748,0.0,0.0,0.0,0.29864184221706364,0.8544062742845141,-0.17392636382163496,1.1179941344138304,0.1130062520378969,1.0515712281065748,11284,1,0,1.0515712281065748,-1.0515712281065746,21
4/11/2022 13:52:42.653,0.0,0.0,1.0515712281065748,0.0,0.0,0.0,0.6496171120226416,0.7975723671663153,-0.30806707191907085,1.0654421001614194,0.12495420803671395,1.0515712281065748,11284,1,0,1.0515712281065748,-1.0515712281065746,21
4/11/2022 13:52:42.664,0.0,0.0,1.0515712281065748,0.0,0.0,0.0,0.4741294771198526,1.0199659167592667,0.22849576047067277,1.0566834277860178,0.136902164035531,1.0515712281065748,11284,1,0,1.0515712281065748,-1.0515712281065746,21
4/11/2022 13:52:42.674,0.0,0.0,1.0515712281065748,0.0,0.0,0.0,0.4741294771198526,0.8041618056727731,-0.30806707191907085,1.1092354620384286,0.14885012003434803,1.0515712281065748,11284,1,0,1.0515712281065748,-1.0515712281065746,21
4/11/2022 13:52:42.684,0.0,0.0,1.0515712281065748,0.0,0.0,0.0,0.4741294771198526,0.6435442420778638,-0.6434188421626607,1.1311321429769332,0.1607980760331651,1.0515712281065748,11284,1,0,1.0515712281065748,-1.0515712281065746,21
4/11/2022 13:52:42.694,0.0,0.0,1.0515712281065748,0.0,0.0,0.0,0.6496171120226416,0.6822571933033035,-0.5763484881139427,1.1048561258507277,0.17274603203198213,1.0515712281065748,11284,1,0,1.0515712281065748,-1.0515712281065746,21
4/11/2022 13:52:42.706,0.0,0.0,1.0515712281065748,0.0,0.0,0.0,0.12315420731427465,1.0512657496649414,0.29556611451939074,1.1398908153523348,0.1846939880307992,1.0515712281065748,11284,1,0,1.0515712281065748,-1.0515712281065746,21
4/11/2022 13:52:42.716,0.0,0.0,1.0515712281065748,0.0,0.0,0.0,0.4741294771198526,0.8848824273768815,-0.106856009772917,1.087338781099924,0.19493509317264238,1.0515712281065748,11284,1,0,1.0515712281065748,-1.0515712281065746,21
4/11/2022 13:52:42.726,0.0,0.0,1.0515712281065748,0.0,0.0,0.0,0.6496171120226416,0.7102623069557492,-0.5092781340652247,1.0566834277860178,0.20688304917145942,1.0515712281065748,11284,1,0,1.0515712281065748,-1.0515712281065746,21
4/11/2022 13:52:42.738,0.0,0.0,1.0515712281065748,0.0,0.0,0.0,0.4741294771198526,0.8675851512974296,-0.106856009772917,1.082959444912223,0.22053785602725035,1.0515712281065748,11284,1,0,1.0515712281065748,-1.0515712281065746,21
4/11/2022 13:52:42.748,0.0,0.0,1.0515712281065748,0.0,0.0,0.0,0.4741294771198526,0.810751244179231,-0.2409967178703529,1.1136147982261295,0.23248581202606738,1.0515712281065748,11284,1,0,1.0515712281065748,-1.0515712281065746,21
4/11/2022 13:52:42.757,0.0,0.0,1.0515712281065748,0.0,0.0,0.0,0.4741294771198526,0.7646251746340261,-0.3751374259677888,1.1179941344138304,0.24272691716791056,1.0515712281065748,11284,1,0,1.0515712281065748,-1.0515712281065746,21
4/11/2022 13:52:42.768,0.0,0.0,1.0515712281065748,0.0,0.0,0.0,0.29864184221706364,0.7539173370610323,-0.3751374259677888,1.1574081601031385,0.2546748731667276,1.0515712281065748,11284,1,0,1.0515712281065748,-1.0515712281065746,21
4/11/2022 13:52:42.78,0.0,0.0,1.0515712281065748,0.0,0.0,0.0,0.4741294771198526,0.6608415181573155,-0.6434188421626607,1.1574081601031385,0.26832968002251856,1.0515712281065748,11284,1,0,1.0515712281065748,-1.0515712281065746,21
4/11/2022 13:52:42.789,0.0,0.0,1.0515712281065748,0.0,0.0,0.0,0.4741294771198526,0.7926302882864719,-0.30806707191907085,1.1223734706015314,0.2802776360213356,1.0515712281065748,11284,1,0,1.0515712281065748,-1.0515712281065746,21
4/11/2022 13:52:42.8,0.0,0.0,1.0515712281065748,0.0,0.0,0.0,0.6496171120226416,1.0957444595835317,0.42970682261682663,1.0566834277860178,0.29222559202015264,1.0515712281065748,11284,1,0,1.0515712281065748,-1.0515712281065746,21
4/11/2022 13:52:42.81,0.0,0.0,1.0515712281065748,0.0,0.0,0.0,0.4741294771198526,0.8436984367115201,-0.17392636382163496,1.0960974534753258,0.3024666971619958,1.0515712281065748,11284,1,0,1.0515712281065748,-1.0515712281065746,21
4/11/2022 13:52:42.82,0.0,0.0,1.0515712281065748,0.0,0.0,0.0,0.6496171120226416,0.6303653650649481,-0.7104891962113785,1.1179941344138304,0.31441465316081285,1.0515712281065748,11284,1,0,1.0515712281065748,-1.0515712281065746,21
4/11/2022 13:52:42.831,0.0,0.0,1.0515712281065748,0.0,0.0,0.0,0.6496171120226416,0.6476626411443999,-0.6434188421626607,1.1048561258507277,0.3263626091596299,1.0515712281065748,11284,1,0,1.0515712281065748,-1.0515712281065746,21
4/11/2022 13:52:42.842,0.0,0.0,1.0515712281065748,0.0,0.0,0.0,0.4741294771198526,0.644367921891171,-0.6434188421626607,1.1486494877277367,0.34001741601542085,1.0515712281065748,11284,1,0,1.0515712281065748,-1.0515712281065746,21
4/11/2022 13:52:42.851,0.0,0.0,1.0515712281065748,0.0,0.0,0.0,0.4741294771198526,0.8478168357780562,-0.17392636382163496,1.0742007725368212,0.34855167030029016,1.0515712281065748,11284,1,0,1.0515712281065748,-1.0515712281065746,21
4/11/2022 13:52:42.861,0.0,0.0,1.0515712281065748,0.0,0.0,0.0,0.6496171120226416,0.6822571933033035,-0.5763484881139427,1.091718117287625,0.3604996262991072,1.0515712281065748,11284,1,0,1.0515712281065748,-1.0515712281065746,21
4/11/2022 13:52:42.872,0.0,0.0,1.0515712281065748,0.0,0.0,0.0,0.29864184221706364,0.7176754252755142,-0.5092781340652247,1.1311321429769332,0.37244758229792424,1.0515712281065748,11284,1,0,1.0515712281065748,-1.0515712281065746,21
4/11/2022 13:52:42.882,0.0,0.0,1.0515712281065748,0.0,0.0,0.0,0.4741294771198526,0.7283832628485082,-0.44220778001650674,1.1092354620384286,0.38610238915371514,1.0515712281065748,11284,1,0,1.0515712281065748,-1.0515712281065746,21
4/11/2022 13:52:42.892,0.0,0.0,1.0515712281065748,0.0,0.0,0.0,0.29864184221706364,0.8371089982050622,-0.17392636382163496,1.1311321429769332,0.3963434942955583,1.0515712281065748,11284,1,0,1.0515712281065748,-1.0515712281065746,21
4/11/2022 13:52:42.903,0.0,0.0,1.0515712281065748,0.0,0.0,0.0,-0.052333427588514336,0.7942776479130863,-0.30806707191907085,1.2230982029186521,0.4082914502943754,1.0515712281065748,11284,1,0,1.0515712281065748,-1.0515712281065746,21
4/11/2022 13:52:42.916,0.0,0.0,1.0515712281065748,0.0,0.0,0.0,0.12315420731427465,0.8593483531643574,-0.17392636382163496,1.1267528067892323,0.42023940629319245,1.0515712281065748,11284,1,0,1.0515712281065748,-1.0515712281065746,21
4/11/2022 13:52:42.924,0.0,0.0,1.0515712281065748,0.0,0.0,0.0,0.6496171120226416,0.7193227849021286,-0.5092781340652247,1.0698214363491203,0.4321873622920095,1.0515712281065748,11284,1,0,1.0515712281065748,-1.0515712281065746,21
4/11/2022 13:52:42.934,0.0,0.0,1.0515712281065748,0.0,0.0,0.0,0.29864184221706364,0.7654488544473333,-0.3751374259677888,1.1355114791646341,0.44413531829082653,1.0515712281065748,11284,1,0,1.0515712281065748,-1.0515712281065746,21
4/11/2022 13:52:42.944,0.0,0.0,1.0515712281065748,0.0,0.0,0.0,0.12315420731427465,0.9960792021733572,0.16142540642195483,1.1179941344138304,0.45608327428964357,1.0515712281065748,11284,1,0,1.0515712281065748,-1.0515712281065746,21
4/11/2022 13:52:42.954,0.0,0.0,1.0515712281065748,0.0,0.0,0.0,0.4741294771198526,0.9153585804692489,-0.039785655724199044,1.0347867468475132,0.46632437943148675,1.0515712281065748,11284,1,0,1.0515712281065748,-1.0515712281065746,21
4/11/2022 13:52:42.965,0.0,0.0,1.0515712281065748,0.0,0.0,0.0,0.29864184221706364,0.8181643624989959,-0.2409967178703529,1.1530288239154376,0.47827233543030384,1.0515712281065748,11284,1,0,1.0515712281065748,-1.0515712281065746,21
4/11/2022 13:52:42.976,0.0,0.0,1.0515712281065748,0.0,0.0,0.0,0.12315420731427465,0.9211243391623994,0.027284698324518908,1.1179941344138304,0.49192714228609474,1.0515712281065748,11284,1,0,1.0515712281065748,-1.0515712281065746,21
4/11/2022 13:52:42.987,0.0,0.0,1.0515712281065748,0.0,0.0,0.0,0.4741294771198526,0.7580357361275684,-0.3751374259677888,1.082959444912223,0.5038750982849117,1.0515712281065748,11284,1,0,1.0515712281065748,-1.0515712281065746,21
4/11/2022 13:52:42.996,0.0,0.0,1.0515712281065748,0.0,0.0,0.0,0.4741294771198526,0.6567231190907794,-0.6434188421626607,1.1355114791646341,0.514116203426755,1.0515712281065748,11284,1,0,1.0515712281065748,-1.0515712281065746,21
4/11/2022 13:52:43.007,0.0,0.0,1.0515712281065748,0.0,0.0,0.0,0.29864184221706364,0.7703909333271768,-0.3751374259677888,1.0960974534753258,0.526064159425572,1.0515712281065748,11284,1,0,1.0515712281065748,-1.0515712281065746,21
4/11/2022 13:52:43.017,0.0,0.0,1.0515712281065748,0.0,0.0,0.0,0.12315420731427465,0.9079454621494838,-0.039785655724199044,1.1355114791646341,0.5380121154243891,1.0515712281065748,11284,1,0,1.0515712281065748,-1.0515712281065746,21
4/11/2022 13:52:43.028,0.0,0.0,1.0515712281065748,0.0,0.0,0.0,0.29864184221706364,0.937597935428544,0.027284698324518908,1.0698214363491203,0.5482532205662323,1.0515712281065748,11284,1,0,1.0515712281065748,-1.0515712281065746,21
4/11/2022 13:52:43.039,0.0,0.0,1.0515712281065748,0.0,0.0,0.0,-0.22782106249130332,0.9227716987890139,0.027284698324518908,1.231856875294054,0.5619080274220232,1.0515712281065748,11284,1,0,1.0515712281065748,-1.0515712281065746,21
4/11/2022 13:52:43.049,0.0,0.0,1.0515712281065748,0.0,0.0,0.0,0.4741294771198526,0.6484863209577071,-0.6434188421626607,1.0960974534753258,0.5738559834208402,1.0515712281065748,11284,1,0,1.0515712281065748,-1.0515712281065746,21
4/11/2022 13:52:43.059,0.0,0.0,1.0515712281065748,0.0,0.0,0.0,0.6496171120226416,0.6723730355436167,-0.5763484881139427,1.0785801087245221,0.5858039394196572,1.0515712281065748,11284,1,0,1.0515712281065748,-1.0515712281065746,21
4/11/2022 13:52:43.07,0.0,0.0,1.0515712281065748,0.0,0.0,0.0,0.29864184221706364,0.6707256759170023,-0.5763484881139427,1.1092354620384286,0.5977518954184743,1.0515712281065748,11284,1,0,1.0515712281065748,-1.0515712281065746,21
4/11/2022 13:52:43.08,0.0,0.0,1.0515712281065748,0.0,0.0,0.0,0.12315420731427465,0.8609957127909719,-0.17392636382163496,1.1355114791646341,0.6096998514172913,1.0515712281065748,11284,1,0,1.0515712281065748,-1.0515712281065746,21
4/11/2022 13:52:43.09,0.0,0.0,1.0515712281065748,0.0,0.0,0.0,0.29864184221706364,0.8552299540978213,-0.17392636382163496,1.0523040915983168,0.6199409565591345,1.0515712281065748,11284,1,0,1.0515712281065748,-1.0515712281065746,21
4/11/2022 13:52:43.1,0.0,0.0,1.0515712281065748,0.0,0.0,0.0,0.29864184221706364,0.7036728684492913,-0.5092781340652247,1.0960974534753258,0.6318889125579515,1.0515712281065748,11284,1,0,1.0515712281065748,-1.0515712281065746,21
4/11/2022 13:52:43.111,0.0,0.0,1.0515712281065748,0.0,0.0,0.0,0.4741294771198526,0.5891813743995867,-0.7775595502600965,1.1530288239154376,0.6438368685567687,1.0515712281065748,11284,1,0,1.0515712281065748,-1.0515712281065746,21
4/11/2022 13:52:43.12,0.0,0.0,1.0515712281065748,0.0,0.0,0.0,0.4741294771198526,0.7465042187412672,-0.44220778001650674,1.091718117287625,0.6540779736986119,1.0515712281065748,11284,1,0,1.0515712281065748,-1.0515712281065746,21
4/11/2022 13:52:43.132,0.0,0.0,1.0515712281065748,0.0,0.0,0.0,0.29864184221706364,0.7069675877025202,-0.5092781340652247,1.1398908153523348,0.6694396314113766,1.0515712281065748,11284,1,0,1.0515712281065748,-1.0515712281065746,21
4/11/2022 13:52:43.142,0.0,0.0,1.0515712281065748,0.0,0.0,0.0,0.4741294771198526,0.742385819674731,-0.44220778001650674,1.0698214363491203,0.6796807365532198,1.0515712281065748,11284,1,0,1.0515712281065748,-1.0515712281065746,21
4/11/2022 13:52:43.153,0.0,0.0,1.0515712281065748,0.0,0.0,0.0,0.29864184221706364,0.8749982696171947,-0.106856009772917,1.1004767896630268,0.6916286925520369,1.0515712281065748,11284,1,0,1.0515712281065748,-1.0515712281065746,21
4/11/2022 13:52:43.163,0.0,0.0,1.0515712281065748,0.0,0.0,0.0,0.4741294771198526,0.6476626411443999,-0.6434188421626607,1.1004767896630268,0.7035766485508539,1.0515712281065748,11284,1,0,1.0515712281065748,-1.0515712281065746,21
4/11/2022 13:52:43.173,0.0,0.0,1.0515712281065748,0.0,0.0,0.0,0.4741294771198526,0.6748440749835384,-0.5763484881139427,1.1355114791646341,0.7155246045496709,1.0515712281065748,11284,1,0,1.0515712281065748,-1.0515712281065746,21
4/11/2022 13:52:43.183,0.0,0.0,1.0515712281065748,0.0,0.0,0.0,0.12315420731427465,0.789335569033243,-0.30806707191907085,1.1530288239154376,0.7257657096915141,1.0515712281065748,11284,1,0,1.0515712281065748,-1.0515712281065746,21
4/11/2022 13:52:43.193,0.0,0.0,1.0515712281065748,0.0,0.0,0.0,0.4741294771198526,0.7292069426618154,-0.44220778001650674,1.082959444912223,0.7377136656903311,1.0515712281065748,11284,1,0,1.0515712281065748,-1.0515712281065746,21
4/11/2022 13:52:43.205,0.0,0.0,1.0515712281065748,0.0,0.0,0.0,0.29864184221706364,0.6163628082387252,-0.7104891962113785,1.1617874962908394,0.7496616216891482,1.0515712281065748,11284,1,0,1.0515712281065748,-1.0515712281065746,21
4/11/2022 13:52:43.214,0.0,0.0,1.0515712281065748,0.0,0.0,0.0,0.29864184221706364,0.7184991050888214,-0.5092781340652247,1.1267528067892323,0.7616095776879652,1.0515712281065748,11284,1,0,1.0515712281065748,-1.0515712281065746,21
4/11/2022 13:52:43.227,0.0,0.0,1.0515712281065748,0.0,0.0,0.0,0.12315420731427465,0.7662725342606406,-0.3751374259677888,1.1398908153523348,0.7718506828298084,1.0515712281065748,11284,1,0,1.0515712281065748,-1.0515712281065746,21
4/11/2022 13:52:43.236,0.0,0.0,1.0515712281065748,0.0,0.0,0.0,0.4741294771198526,0.6641362374105444,-0.6434188421626607,1.082959444912223,0.7872123405425733,1.0515712281065748,11284,1,0,1.0515712281065748,-1.0515712281065746,21
4/11/2022 13:52:43.247,0.0,0.0,1.0515712281065748,0.0,0.0,0.0,-0.052333427588514336,0.9054744227095621,-0.039785655724199044,1.1793048410416431,0.7974534456844165,1.0515712281065748,11284,1,0,1.0515712281065748,-1.0515712281065746,21
4/11/2022 13:52:43.257,0.0,0.0,1.0515712281065748,0.0,0.0,0.0,0.4741294771198526,0.6855519125565324,-0.5763484881139427,1.082959444912223,0.8094014016832335,1.0515712281065748,11284,1,0,1.0515712281065748,-1.0515712281065746,21
4/11/2022 13:52:43.268,0.0,0.0,1.0515712281065748,0.0,0.0,0.0,0.29864184221706364,0.582591935893129,-0.8446299043088145,1.1486494877277367,0.8213493576820505,1.0515712281065748,11284,1,0,1.0515712281065748,-1.0515712281065746,21
4/11/2022 13:52:43.277,0.0,0.0,1.0515712281065748,0.0,0.0,0.0,0.4741294771198526,0.6682546364770806,-0.5763484881139427,1.082959444912223,0.8332973136808676,1.0515712281065748,11284,1,0,1.0515712281065748,-1.0515712281065746,21
4/11/2022 13:52:43.288,0.0,0.0,1.0515712281065748,0.0,0.0,0.0,0.29864184221706364,0.7876882094066285,-0.30806707191907085,1.1136147982261295,0.8452452696796846,1.0515712281065748,11284,1,0,1.0515712281065748,-1.0515712281065746,21
4/11/2022 13:52:43.298,0.0,0.0,1.0515712281065748,0.0,0.0,0.0,0.8251047469254306,0.6171864880520325,-0.7104891962113785,1.1092354620384286,0.8571932256785016,1.0515712281065748,11284,1,0,1.0515712281065748,-1.0515712281065746,21
4/11/2022 13:52:43.309,0.0,0.0,1.0515712281065748,0.0,0.0,0.0,0.29864184221706364,0.6056549706657313,-0.7775595502600965,1.1398908153523348,0.8691411816773187,1.0515712281065748,11284,1,0,1.0515712281065748,-1.0515712281065746,21
4/11/2022 13:52:43.319,0.0,0.0,1.0515712281065748,0.0,0.0,0.0,0.12315420731427465,0.7069675877025202,-0.5092781340652247,1.1617874962908394,0.8793822868191619,1.0515712281065748,11284,1,0,1.0515712281065748,-1.0515712281065746,21
4/11/2022 13:52:43.329,0.0,0.0,1.0515712281065748,0.0,0.0,0.0,0.29864184221706364,0.7794514112735562,-0.3751374259677888,1.087338781099924,0.8913302428179789,1.0515712281065748,11284,1,0,1.0515712281065748,-1.0515712281065746,21
4/11/2022 13:52:43.34,0.0,0.0,1.0515712281065748,0.0,0.0,0.0,0.29864184221706364,0.6270706458117192,-0.7104891962113785,1.1136147982261295,0.9032781988167959,1.0515712281065748,11284,1,0,1.0515712281065748,-1.0515712281065746,21
4/11/2022 13:52:43.35,0.0,0.0,1.0515712281065748,0.0,0.0,0.0,0.29864184221706364,0.6418968824512493,-0.6434188421626607,1.1442701515400358,0.9152261548156131,1.0515712281065748,11284,1,0,1.0515712281065748,-1.0515712281065746,21
4/11/2022 13:52:43.359,0.0,0.0,1.0515712281065748,0.0,0.0,0.0,0.12315420731427465,0.778627731460249,-0.3751374259677888,1.1442701515400358,0.9254672599574563,1.0515712281065748,11284,1,0,1.0515712281065748,-1.0515712281065746,21
4/11/2022 13:52:43.37,0.0,0.0,1.0515712281065748,0.0,0.0,0.0,0.12315420731427465,0.8025144460461586,-0.30806707191907085,1.0960974534753258,0.9374152159562733,1.0515712281065748,11284,1,0,1.0515712281065748,-1.0515712281065746,21
4/11/2022 13:52:43.381,0.0,0.0,1.0515712281065748,0.0,0.0,0.0,0.12315420731427465,0.7909829286598574,-0.30806707191907085,1.1574081601031385,0.9510700228120642,1.0515712281065748,11284,1,0,1.0515712281065748,-1.0515712281065746,21
4/11/2022 13:52:43.392,0.0,0.0,1.0515712281065748,0.0,0.0,0.0,0.29864184221706364,0.8766456292438092,-0.106856009772917,1.0742007725368212,0.9630179788108812,1.0515712281065748,11284,1,0,1.0515712281065748,-1.0515712281065746,21
4/11/2022 13:52:43.402,0.0,0.0,1.0515712281065748,0.0,0.0,0.0,0.4741294771198526,0.7670962140739479,-0.3751374259677888,1.0523040915983168,0.9749659348096983,1.0515712281065748,11284,1,0,1.0515712281065748,-1.0515712281065746,21
4/11/2022 13:52:43.411,0.0,0.0,1.0515712281065748,0.0,0.0,0.0,0.29864184221706364,0.5990655321592735,-0.7775595502600965,1.1398908153523348,0.9852070399515415,1.0515712281065748,11284,1,0,1.0515712281065748,-1.0515712281065746,21
4/11/2022 13:52:43.422,0.0,0.0,1.0515712281065748,0.0,0.0,0.0,0.4741294771198526,0.7687435737005623,-0.3751374259677888,1.0742007725368212,0.9971549959503585,1.0515712281065748,11284,1,0,1.0515712281065748,-1.0515712281065746,21
4/11/2022 13:52:43.433,0.0,0.0,1.0515712281065748,0.0,0.0,0.0,0.29864184221706364,0.807456524926002,-0.30806707191907085,1.1004767896630268,1.0073961010922017,1.0515712281065748,11284,1,0,1.0515712281065748,-1.0515712281065746,21
4/11/2022 13:52:43.443,0.0,0.0,1.0515712281065748,0.0,0.0,0.0,0.12315420731427465,0.8058091652993875,-0.30806707191907085,1.1179941344138304,1.0176372062340449,1.0515712281065748,11284,1,0,1.0515712281065748,-1.0515712281065746,21
4/11/2022 13:52:43.454,0.0,0.0,1.0515712281065748,0.0,0.0,0.0,0.12315420731427465,0.6723730355436167,-0.5763484881139427,1.1617874962908394,1.0329988639468097,1.0515712281065748,11284,1,0,1.0515712281065748,-1.0515712281065746,21
4/11/2022 13:52:43.464,0.0,0.0,1.0515712281065748,0.0,0.0,0.0,0.29864184221706364,0.7473278985545744,-0.44220778001650674,1.1004767896630268,1.0449468199456267,1.0515712281065748,11284,1,0,1.0515712281065748,-1.0515712281065746,21
4/11/2022 13:52:43.474,0.0,0.0,1.0515712281065748,0.0,0.0,0.0,0.4741294771198526,0.626246965998412,-0.7104891962113785,1.1136147982261295,1.0568947759444438,1.0515712281065748,11284,1,0,1.0515712281065748,-1.0515712281065746,21
4/11/2022 13:52:43.484,0.0,0.0,1.0515712281065748,0.0,0.0,0.0,0.29864184221706364,0.7522699774344178,-0.3751374259677888,1.1355114791646341,1.067135881086287,1.0515712281065748,11284,1,0,1.0515712281065748,-1.0515712281065746,21
4/11/2022 13:52:43.494,0.0,0.0,1.0515712281065748,0.0,0.0,0.0,0.12315420731427465,0.655075759464165,-0.6434188421626607,1.1486494877277367,1.079083837085104,1.0515712281065748,11284,1,0,1.0515712281065748,-1.0515712281065746,21
4/11/2022 13:52:43.505,0.0,0.0,1.0515712281065748,0.0,0.0,0.0,0.29864184221706364,0.7745093323937129,-0.3751374259677888,1.082959444912223,1.091031793083921,1.0515712281065748,11284,1,0,1.0515712281065748,-1.0515712281065746,21
4/11/2022 13:52:43.516,0.0,0.0,1.0515712281065748,0.0,0.0,0.0,0.29864184221706364,0.7687435737005623,-0.3751374259677888,1.1136147982261295,1.1012728982257642,1.0515712281065748,11284,1,0,1.0515712281065748,-1.0515712281065746,21
4/11/2022 13:52:43.527,0.0,0.0,1.0515712281065748,0.0,0.0,0.0,0.29864184221706364,0.6723730355436167,-0.5763484881139427,1.091718117287625,1.1132208542245814,1.0515712281065748,11284,1,0,1.0515712281065748,-1.0515712281065746,21
4/11/2022 13:52:43.537,0.0,0.0,1.0515712281065748,0.0,0.0,0.0,-0.052333427588514336,0.8354616385784477,-0.17392636382163496,1.1398908153523348,1.1268756610803723,1.0515712281065748,11284,1,0,1.0515712281065748,-1.0515712281065746,21
4/11/2022 13:52:43.547,0.0,0.0,1.0515712281065748,0.0,0.0,0.0,0.29864184221706364,0.7736856525804057,-0.3751374259677888,1.0960974534753258,1.1388236170791892,1.0515712281065748,11284,1,0,1.0515712281065748,-1.0515712281065746,21
4/11/2022 13:52:43.557,0.0,0.0,1.0515712281065748,0.0,0.0,0.0,0.6496171120226416,0.6468389613310926,-0.6434188421626607,1.0610627639737185,1.1490647222210324,1.0515712281065748,11284,1,0,1.0515712281065748,-1.0515712281065746,21
4/11/2022 13:52:43.568,0.0,0.0,1.0515712281065748,0.0,0.0,0.0,0.12315420731427465,0.7044965482625986,-0.5092781340652247,1.1486494877277367,1.1610126782198495,1.0515712281065748,11284,1,0,1.0515712281065748,-1.0515712281065746,21
4/11/2022 13:52:43.577,0.0,0.0,1.0515712281065748,0.0,0.0,0.0,-0.052333427588514336,0.8642904320442008,-0.106856009772917,1.1398908153523348,1.1729606342186665,1.0515712281065748,11284,1,0,1.0515712281065748,-1.0515712281065746,21
4/11/2022 13:52:43.588,0.0,0.0,1.0515712281065748,0.0,0.0,0.0,0.12315420731427465,0.9268900978555501,0.027284698324518908,1.0698214363491203,1.1832017393605097,1.0515712281065748,11284,1,0,1.0515712281065748,-1.0515712281065746,21
4/11/2022 13:52:43.598,0.0,0.0,1.0515712281065748,0.0,0.0,0.0,0.29864184221706364,0.7028491886359841,-0.5092781340652247,1.082959444912223,1.1951496953593268,1.0515712281065748,11284,1,0,1.0515712281065748,-1.0515712281065746,21
4/11/2022 13:52:43.609,0.0,0.0,1.0515712281065748,0.0,0.0,0.0,0.29864184221706364,0.6163628082387252,-0.7104891962113785,1.1355114791646341,1.2070976513581437,1.0515712281065748,11284,1,0,1.0515712281065748,-1.0515712281065746,21
4/11/2022 13:52:43.618,0.0,0.0,1.0515712281065748,0.0,0.0,0.0,0.29864184221706364,0.8091038845526165,-0.2409967178703529,1.0785801087245221,1.217338756499987,1.0515712281065748,11284,1,0,1.0515712281065748,-1.0515712281065746,21
4/11/2022 13:52:43.629,0.0,0.0,1.0515712281065748,0.0,0.0,0.0,-0.052333427588514336,0.7909829286598574,-0.30806707191907085,1.1311321429769332,1.229286712498804,1.0515712281065748,11284,1,0,1.0515712281065748,-1.0515712281065746,21
4/11/2022 13:52:43.64,0.0,0.0,1.0515712281065748,0.0,0.0,0.0,0.29864184221706364,0.7539173370610323,-0.3751374259677888,1.0698214363491203,1.242941519354595,1.0515712281065748,11284,1,0,1.0515712281065748,-1.0515712281065746,21
4/11/2022 13:52:43.65,0.0,0.0,1.0515712281065748,0.0,0.0,0.0,0.29864184221706364,0.8099275643659237,-0.2409967178703529,1.1004767896630268,1.254889475353412,1.0515712281065748,11284,1,0,1.0515712281065748,-1.0515712281065746,21
4/11/2022 13:52:43.66,0.0,0.0,1.0515712281065748,0.0,0.0,0.0,0.4741294771198526,0.6476626411443999,-0.6434188421626607,1.091718117287625,1.266837431352229,1.0515712281065748,11284,1,0,1.0515712281065748,-1.0515712281065746,21
4/11/2022 13:52:43.671,0.0,0.0,1.0515712281065748,0.0,0.0,0.0,0.29864184221706364,0.6344837641314842,-0.7104891962113785,1.1398908153523348,1.2787853873510462,1.0515712281065748,11284,1,0,1.0515712281065748,-1.0515712281065746,21
4/11/2022 13:52:43.682,0.0,0.0,1.0515712281065748,0.0,0.0,0.0,0.12315420731427465,0.7020255088226769,-0.5092781340652247,1.1574081601031385,1.2890264924928894,1.0515712281065748,11284,1,0,1.0515712281065748,-1.0515712281065746,21
4/11/2022 13:52:43.692,0.0,0.0,1.0515712281065748,0.0,0.0,0.0,0.29864184221706364,0.6806098336766889,-0.5763484881139427,1.1048561258507277,1.3009744484917063,1.0515712281065748,11284,1,0,1.0515712281065748,-1.0515712281065746,21
4/11/2022 13:52:43.703,0.0,0.0,1.0515712281065748,0.0,0.0,0.0,0.12315420731427465,0.6245996063717975,-0.7104891962113785,1.091718117287625,1.3129224044905234,1.0515712281065748,11284,1,0,1.0515712281065748,-1.0515712281065746,21
4/11/2022 13:52:43.712,0.0,0.0,1.0515712281065748,0.0,0.0,0.0,-0.22782106249130332,0.622952246745183,-0.7104891962113785,1.1223734706015314,1.3248703604893404,1.0515712281065748,11284,1,0,1.0515712281065748,-1.0515712281065746,21
4/11/2022 13:52:43.721,0.0,0.0,1.0515712281065748,0.0,0.0,0.0,-0.4033086973940923,0.5636473001870627,-0.8446299043088145,1.0960974534753258,1.3351114656311835,1.0515712281065748,11284,1,0,1.0515712281065748,-1.0515712281065746,21
4/11/2022 13:52:43.733,0.0,0.0,1.0515712281065748,0.0,0.0,0.0,-0.5787963322968813,0.6575467989040866,-0.6434188421626607,1.0216487382844104,1.3453525707730267,1.0515712281065748,11284,1,0,1.0515712281065748,-1.0515712281065746,21
4/11/2022 13:52:43.744,0.0,0.0,1.0515712281065748,0.0,0.0,0.0,-0.5787963322968813,0.6715493557303095,-0.5763484881139427,0.995372721158205,1.3590073776288176,1.0515712281065748,11284,1,0,1.0515712281065748,-1.0515712281065746,21
4/11/2022 13:52:43.754,0.0,0.0,1.0515712281065748,0.0,0.0,0.0,-0.7542839671996703,0.6764914346101528,-0.5763484881139427,0.9340620145303922,1.3692484827706608,1.0515712281065748,11284,1,0,1.0515712281065748,-1.0515712281065746,21
4/11/2022 13:52:43.764,0.0,0.0,1.0515712281065748,0.0,0.0,0.0,-0.9297716021024592,0.5760024973866711,-0.8446299043088145,0.9472000230934949,1.3777827370555302,1.0515712281065748,11284,1,0,1.0515712281065748,-1.0515712281065746,21
4/11/2022 13:52:43.774,0.0,0.0,1.0515712281065748,0.0,0.0,0.0,-1.2807468719080373,0.7226175041553575,-0.5092781340652247,0.9121653335918877,1.3880238421973734,1.0515712281065748,11284,1,0,1.0515712281065748,-1.0515712281065746,21
4/11/2022 13:52:43.784,0.0,0.0,1.0515712281065748,0.0,0.0,0.0,-1.2807468719080373,0.698730789569448,-0.5092781340652247,0.8639926355271776,1.3965580964822428,1.0515712281065748,11284,1,0,1.0515712281065748,-1.0515712281065746,21
4/11/2022 13:52:43.795,0.0,0.0,1.0515712281065748,0.0,0.0,0.0,-1.4562345068108262,0.6740203951702312,-0.5763484881139427,0.8508546269640749,1.406799201624086,1.0515712281065748,11284,1,0,1.0515712281065748,-1.0515712281065746,21
4/11/2022 13:52:43.805,0.0,0.0,1.0515712281065748,0.0,0.0,0.0,-1.6317221417136152,0.4821029986696472,-1.0458409664549684,0.8683719717148786,1.4153334559089552,1.0515712281065748,11284,1,0,1.0515712281065748,-1.0515712281065746,21
4/11/2022 13:52:43.816,0.0,0.0,1.0515712281065748,0.0,0.0,0.0,-1.6317221417136152,0.6657835970371588,-0.6434188421626607,0.7895439203362622,1.4238677101938246,1.0515712281065748,11284,1,0,1.0515712281065748,-1.0515712281065746,21
4/11/2022 13:52:43.826,0.0,0.0,1.0515712281065748,0.0,0.0,0.0,-1.8072097766164041,0.4738662005365749,-1.0458409664549684,0.7895439203362622,1.4324019644786938,1.0515712281065748,11284,1,0,1.0515712281065748,-1.0515712281065746,21
4/11/2022 13:52:43.838,0.0,0.0,1.0515712281065748,0.0,0.0,0.0,-2.1581850464219823,0.644367921891171,-0.6434188421626607,0.7545092308346549,1.4392293679065893,1.0515712281065748,11284,1,0,1.0515712281065748,-1.0515712281065746,21
4/11/2022 13:52:43.847,0.0,0.0,1.0515712281065748,0.0,0.0,0.0,-2.3336726813247712,0.571884098320135,-0.8446299043088145,0.7413712222715522,1.4477636221914587,1.0515712281065748,11284,1,0,1.0515712281065748,-1.0515712281065746,21
4/11/2022 13:52:43.857,0.0,0.0,1.0515712281065748,0.0,0.0,0.0,-2.3336726813247712,0.5760024973866711,-0.8446299043088145,0.6931985242068421,1.4545910256193542,1.0515712281065748,11284,1,0,1.0515712281065748,-1.0515712281065746,21
4/11/2022 13:52:43.867,0.0,0.0,1.0515712281065748,0.0,0.0,0.0,-2.3336726813247712,0.5035186738156351,-0.9787706124062504,0.7107158689576458,1.4614184290472496,1.0515712281065748,11284,1,0,1.0515712281065748,-1.0515712281065746,21
4/11/2022 13:52:43.878,0.0,0.0,1.0515712281065748,0.0,0.0,0.0,-2.3336726813247712,0.543055304854382,-0.9117002583575324,0.6581638347052349,1.4699526833321188,1.0515712281065748,11284,1,0,1.0515712281065748,-1.0515712281065746,21
4/11/2022 13:52:43.888,0.0,0.0,1.0515712281065748,0.0,0.0,0.0,-2.3336726813247712,0.604831290852424,-0.7775595502600965,0.701957196582244,1.4767800867600143,1.0515712281065748,11284,1,0,1.0515712281065748,-1.0515712281065746,21
4/11/2022 13:52:43.898,0.0,0.0,1.0515712281065748,0.0,0.0,0.0,-2.684647951130349,0.6147154486121108,-0.7104891962113785,0.7588885670223559,1.4836074901879097,1.0515712281065748,11284,1,0,1.0515712281065748,-1.0515712281065746,21
4/11/2022 13:52:43.909,0.0,0.0,1.0515712281065748,0.0,0.0,0.0,-2.3336726813247712,0.5356421865346169,-0.9117002583575324,0.6713018432683376,1.4921417444727791,1.0515712281065748,11284,1,0,1.0515712281065748,-1.0515712281065746,21
4/11/2022 13:52:43.92,0.0,0.0,1.0515712281065748,0.0,0.0,0.0,-2.50916031622756,0.5348185067213097,-0.9117002583575324,0.6931985242068421,1.4989691479006746,1.0515712281065748,11284,1,0,1.0515712281065748,-1.0515712281065746,21
4/11/2022 13:52:43.93,0.0,0.0,1.0515712281065748,0.0,0.0,0.0,-2.3336726813247712,0.5134028315753218,-0.9787706124062504,0.6844398518314404,1.50579655132857,1.0515712281065748,11284,1,0,1.0515712281065748,-1.0515712281065746,21
4/11/2022 13:52:43.94,0.0,0.0,1.0515712281065748,0.0,0.0,0.0,-2.3336726813247712,0.40714813565868946,-1.2470520286011222,0.7282332137084494,1.5143308056134392,1.0515712281065748,11284,1,0,1.0515712281065748,-1.0515712281065746,21
4/11/2022 13:52:43.95,0.0,0.0,1.0515712281065748,0.0,0.0,0.0,-2.50916031622756,0.37090622387317146,-1.31412238264984,0.7413712222715522,1.521158209041335,1.0515712281065748,11284,1,0,1.0515712281065748,-1.0515712281065746,21
4/11/2022 13:52:43.961,0.0,0.0,1.0515712281065748,0.0,0.0,0.0,-2.860135586033138,0.34043007078080406,-1.3811927366985581,0.7720265755854585,1.531399314183178,1.0515712281065748,11284,1,0,1.0515712281065748,-1.0515712281065746,21
4/11/2022 13:52:43.971,0.0,0.0,1.0515712281065748,0.0,0.0,0.0,-2.860135586033138,0.28112512422268365,-1.515333444795994,0.7764059117731594,1.5382267176110735,1.0515712281065748,11284,1,0,1.0515712281065748,-1.0515712281065746,21
4/11/2022 13:52:43.981,0.0,0.0,1.0515712281065748,0.0,0.0,0.0,-3.035623220935927,0.2638278481432319,-1.582403798844712,0.7807852479608604,1.5467609718959427,1.0515712281065748,11284,1,0,1.0515712281065748,-1.0515712281065746,21
4/11/2022 13:52:43.992,0.0,0.0,1.0515712281065748,0.0,0.0,0.0,-2.684647951130349,0.2934803214222921,-1.515333444795994,0.701957196582244,1.5535883753238382,1.0515712281065748,11284,1,0,1.0515712281065748,-1.0515712281065746,21
4/11/2022 13:52:44.002,0.0,0.0,1.0515712281065748,0.0,0.0,0.0,-3.035623220935927,0.25064897113031626,-1.582403798844712,0.7764059117731594,1.5621226296087076,1.0515712281065748,11284,1,0,1.0515712281065748,-1.0515712281065746,21
4/11/2022 13:52:44.013,0.0,0.0,1.0515712281065748,0.0,0.0,0.0,-3.386598490741505,0.19216770438550312,-1.7165445069421479,0.8201992736501685,1.5706568838935768,1.0515712281065748,11284,1,0,1.0515712281065748,-1.0515712281065746,21
4/11/2022 13:52:44.022,0.0,0.0,1.0515712281065748,0.0,0.0,0.0,-3.211110855838716,0.19710978326534648,-1.7165445069421479,0.7632679032100568,1.5774842873214723,1.0515712281065748,11284,1,0,1.0515712281065748,-1.0515712281065746,21
4/11/2022 13:52:44.033,0.0,0.0,1.0515712281065748,0.0,0.0,0.0,0.12315420731427465,0.14192323577376223,-1.8506852150395838,0.8727513079025795,1.5860185416063417,1.0515712281065748,11284,1,0,1.0515712281065748,-1.0515712281065746,21
4/11/2022 13:52:44.044,0.0,0.0,1.0515712281065748,0.0,0.0,0.0,0.12315420731427465,0.12462595969431046,-1.9177555690883017,0.8114406012747667,1.5962596467481849,1.0515712281065748,11284,1,0,1.0515712281065748,-1.0515712281065746,21
4/11/2022 13:52:44.054,0.0,0.0,1.0515712281065748,0.0,0.0,0.0,0.12315420731427465,0.13286275782738274,-1.9177555690883017,0.7807852479608604,1.6030870501760803,1.0515712281065748,11284,1,0,1.0515712281065748,-1.0515712281065746,21
4/11/2022 13:52:44.064,0.0,0.0,1.0515712281065748,0.0,0.0,0.0,0.12315420731427465,0.17239938886612965,-1.7836148609908657,0.7676472393977576,1.6116213044609495,1.0515712281065748,11284,1,0,1.0515712281065748,-1.0515712281065746,21
4/11/2022 13:52:44.074,0.0,0.0,1.0515712281065748,0.0,0.0,0.0,-3.386598490741505,0.19216770438550312,-1.7165445069421479,0.6931985242068421,1.618448707888845,1.0515712281065748,11284,1,0,1.0515712281065748,-1.0515712281065746,21
4/11/2022 13:52:44.085,0.0,0.0,1.0515712281065748,0.0,0.0,0.0,-3.386598490741505,0.22099649785125608,-1.6494741528934298,0.7194745413330477,1.6269829621737144,1.0515712281065748,11284,1,0,1.0515712281065748,-1.0515712281065746,21
4/11/2022 13:52:44.095,0.0,0.0,1.0515712281065748,0.0,0.0,0.0,-3.386598490741505,0.21440705934479826,-1.7165445069421479,0.7326125498961503,1.6338103656016099,1.0515712281065748,11284,1,0,1.0515712281065748,-1.0515712281065746,21
4/11/2022 13:52:44.107,0.0,0.0,1.0515712281065748,0.0,0.0,0.0,-3.211110855838716,0.31324863694166555,-1.448263090747276,0.6931985242068421,1.642344619886479,1.0515712281065748,11284,1,0,1.0515712281065748,-1.0515712281065746,21
4/11/2022 13:52:49.167,0.0,0.0,-0.950957931590205,0.0,0.0,0.0,-3.386598490741505,-1.2896322797541988,1.1674807171527242,0.010022078925500298,1.6628268301701656,-0.950957931590205,11284,0,1,-0.950957931590205,0.950957931590205,21
4/11/2022 13:52:49.178,0.0,0.0,-0.950957931590205,0.0,0.0,0.0,0.12315420731427465,-0.7542404011045012,-0.106856009772917,-0.6074643235403279,1.6559994267422702,-0.950957931590205,11284,0,1,-0.950957931590205,0.950957931590205,21
4/11/2022 13:52:49.187,0.0,0.0,-0.950957931590205,0.0,0.0,0.0,0.12315420731427465,-1.3489372263123194,1.3016214252501601,-0.4060148589060861,1.6542925758852962,-0.950957931590205,11284,0,1,-0.950957931590205,0.950957931590205,21
4/11/2022 13:52:49.198,0.0,0.0,-0.950957931590205,0.0,0.0,0.0,-3.386598490741505,-1.4016527343639817,1.4357621333475958,-0.2264620752103488,1.6508788741713485,-0.950957931590205,11284,0,1,-0.950957931590205,0.950957931590205,21
4/11/2022 13:52:49.208,0.0,0.0,-0.950957931590205,0.0,0.0,0.0,-2.50916031622756,-1.0746518484810126,0.6309178847629805,-0.30966946277666607,1.6474651724574008,-0.950957931590205,11284,0,1,-0.950957931590205,0.950957931590205,21
4/11/2022 13:52:49.219,0.0,0.0,-0.950957931590205,0.0,0.0,0.0,-2.50916031622756,-1.4831970358813973,1.6369731954937499,-0.3709801694044788,1.644051470743453,-0.950957931590205,11284,0,1,-0.950957931590205,0.950957931590205,21
4/11/2022 13:52:49.229,0.0,0.0,-0.950957931590205,0.0,0.0,0.0,-2.3336726813247712,-1.3341109896727892,1.3016214252501601,-0.38849751415528244,1.6389309181725313,-0.950957931590205,11284,0,1,-0.950957931590205,0.950957931590205,21
4/11/2022 13:52:49.24,0.0,0.0,-0.950957931590205,0.0,0.0,0.0,-2.1581850464219823,-1.7080616249142706,2.173536027883493,-0.4629462293461979,1.6338103656016099,-0.950957931590205,11284,0,1,-0.950957931590205,0.950957931590205,21
4/11/2022 13:52:49.25,0.0,0.0,-0.950957931590205,0.0,0.0,0.0,-1.4562345068108262,-1.2690402844215183,1.100410363104006,-0.44104954840769334,1.6286898130306882,-0.950957931590205,11284,0,1,-0.950957931590205,0.950957931590205,21
4/11/2022 13:52:49.26,0.0,0.0,-0.950957931590205,0.0,0.0,0.0,-0.9297716021024592,-0.9659261131244585,0.42970682261682663,-0.44104954840769334,1.6235692604597667,-0.950957931590205,11284,0,1,-0.950957931590205,0.950957931590205,21
4/11/2022 13:52:49.27,0.0,0.0,-0.950957931590205,0.0,0.0,0.0,-1.2807468719080373,-1.3678818620183855,1.368691779298878,-0.4629462293461979,1.618448707888845,-0.950957931590205,11284,0,1,-0.950957931590205,0.950957931590205,21
4/11/2022 13:52:49.281,0.0,0.0,-0.950957931590205,0.0,0.0,0.0,-0.9297716021024592,-1.4790786368148612,1.6369731954937499,-0.506739591223207,1.6133281553179235,-0.950957931590205,11284,0,1,-0.950957931590205,0.950957931590205,21
4/11/2022 13:52:49.292,0.0,0.0,-0.950957931590205,0.0,0.0,0.0,-0.5787963322968813,-1.6223989243303187,1.9723249657373396,-0.5242569359740107,1.606500751890028,-0.950957931590205,11284,0,1,-0.950957931590205,0.950957931590205,21
4/11/2022 13:52:49.302,0.0,0.0,-0.950957931590205,0.0,0.0,0.0,-0.7542839671996703,-1.8151400006442102,2.441817444078365,-0.6293610044788325,1.5996733484621326,-0.950957931590205,11284,0,1,-0.950957931590205,0.950957931590205,21
4/11/2022 13:52:49.312,0.0,0.0,-0.950957931590205,0.0,0.0,0.0,-0.4033086973940923,-1.7508929752062465,2.3076767359809294,-0.7169477282328507,1.5928459450342372,-0.950957931590205,11284,0,1,-0.950957931590205,0.950957931590205,21
4/11/2022 13:52:49.323,0.0,0.0,-0.950957931590205,0.0,0.0,0.0,-0.5787963322968813,-2.0688333831428363,3.045450630516827,-0.6950510472943461,1.5843116907493677,-0.950957931590205,11284,0,1,-0.950957931590205,0.950957931590205,21
4/11/2022 13:52:49.332,0.0,0.0,-0.950957931590205,0.0,0.0,0.0,0.12315420731427465,-1.28633756050097,1.1674807171527242,-0.7782584348606634,1.5757774364644985,-0.950957931590205,11284,0,1,-0.950957931590205,0.950957931590205,21
4/11/2022 13:52:49.343,0.0,0.0,-0.950957931590205,0.0,0.0,0.0,-0.052333427588514336,-1.5095547899072286,1.7040435495424677,-0.8045344519868688,1.568950033036603,-0.950957931590205,11284,0,1,-0.950957931590205,0.950957931590205,21
4/11/2022 13:52:49.354,0.0,0.0,-0.950957931590205,0.0,0.0,0.0,0.6496171120226416,-0.7855402340101758,-0.039785655724199044,-0.9183971928670925,1.557002077037786,-0.950957931590205,11284,0,1,-0.950957931590205,0.950957931590205,21
4/11/2022 13:52:49.363,0.0,0.0,-0.950957931590205,0.0,0.0,0.0,0.29864184221706364,-1.2072642984234763,0.9662696550065702,-0.9315352014301952,1.5484678227529167,-0.950957931590205,11284,0,1,-0.950957931590205,0.950957931590205,21
4/11/2022 13:52:49.373,0.0,0.0,-0.950957931590205,0.0,0.0,0.0,0.29864184221706364,-1.1784355049577233,0.8991993009578523,-0.9140178566793916,1.5382267176110735,-0.950957931590205,11284,0,1,-0.950957931590205,0.950957931590205,21
4/11/2022 13:52:49.385,0.0,0.0,-0.950957931590205,0.0,0.0,0.0,0.12315420731427465,-1.0787702475475487,0.6979882388116985,-1.0016045804334097,1.5279856124692304,-0.950957931590205,11284,0,1,-0.950957931590205,0.950957931590205,21
4/11/2022 13:52:49.395,0.0,0.0,-0.950957931590205,0.0,0.0,0.0,0.4741294771198526,-0.6463383455612544,-0.3751374259677888,-1.0629152870612224,1.5143308056134392,-0.950957931590205,11284,0,1,-0.950957931590205,0.950957931590205,21
4/11/2022 13:52:49.406,0.0,0.0,-0.950957931590205,0.0,0.0,0.0,0.4741294771198526,-0.7163511296923687,-0.17392636382163496,-1.036639269935017,1.504089700471596,-0.950957931590205,11284,0,1,-0.950957931590205,0.950957931590205,21
4/11/2022 13:52:49.416,0.0,0.0,-0.950957931590205,0.0,0.0,0.0,0.29864184221706364,-0.7954243917698626,0.027284698324518908,-1.0760532956243252,1.493848595329753,-0.950957931590205,11284,0,1,-0.950957931590205,0.950957931590205,21
4/11/2022 13:52:49.427,0.0,0.0,-0.950957931590205,0.0,0.0,0.0,0.12315420731427465,-0.9033264473131093,0.22849576047067277,-1.041018606122718,1.481900639330936,-0.950957931590205,11284,0,1,-0.950957931590205,0.950957931590205,21
4/11/2022 13:52:49.438,0.0,0.0,-0.950957931590205,0.0,0.0,0.0,0.4741294771198526,-0.5911517980696701,-0.5092781340652247,-1.0497772784981199,1.468245832475145,-0.950957931590205,11284,0,1,-0.950957931590205,0.950957931590205,21
4/11/2022 13:52:49.448,0.0,0.0,-0.950957931590205,0.0,0.0,0.0,0.29864184221706364,-0.6743434592137001,-0.30806707191907085,-1.0672946232489233,1.4580047273333019,-0.950957931590205,11284,0,1,-0.950957931590205,0.950957931590205,21
4/11/2022 13:52:49.459,0.0,0.0,-0.950957931590205,0.0,0.0,0.0,0.29864184221706364,-0.8291952641154589,0.09435505237323687,-1.0059839166211106,1.4460567713344847,-0.950957931590205,11284,0,1,-0.950957931590205,0.950957931590205,21
4/11/2022 13:52:49.469,0.0,0.0,-0.950957931590205,0.0,0.0,0.0,0.12315420731427465,-0.9074448463796454,0.29556611451939074,-1.0497772784981199,1.4358156661926416,-0.950957931590205,11284,0,1,-0.950957931590205,0.950957931590205,21
4/11/2022 13:52:49.48,0.0,0.0,-0.950957931590205,0.0,0.0,0.0,0.29864184221706364,-0.5540862064708449,-0.5763484881139427,-1.089191304187428,1.4221608593368507,-0.950957931590205,11284,0,1,-0.950957931590205,0.950957931590205,21
4/11/2022 13:52:49.49,0.0,0.0,-0.950957931590205,0.0,0.0,0.0,-0.052333427588514336,-0.6982301737996097,-0.2409967178703529,-1.1417433384398388,1.4119197541950075,-0.950957931590205,11284,0,1,-0.950957931590205,0.950957931590205,21
4/11/2022 13:52:49.5,0.0,0.0,-0.950957931590205,0.0,0.0,0.0,0.12315420731427465,-0.9263894820857116,0.29556611451939074,-1.0059839166211106,1.3999717981961906,-0.950957931590205,11284,0,1,-0.950957931590205,0.950957931590205,21
4/11/2022 13:52:49.51,0.0,0.0,-0.950957931590205,0.0,0.0,0.0,0.4741294771198526,-0.6356305079882605,-0.3751374259677888,-1.0016045804334097,1.3897306930543474,-0.950957931590205,11284,0,1,-0.950957931590205,0.950957931590205,21
4/11/2022 13:52:49.52,0.0,0.0,-0.950957931590205,0.0,0.0,0.0,0.29864184221706364,-0.8193111063557722,0.027284698324518908,-1.0016045804334097,1.379489587912504,-0.950957931590205,11284,0,1,-0.950957931590205,0.950957931590205,21
4/11/2022 13:52:49.531,0.0,0.0,-0.950957931590205,0.0,0.0,0.0,0.29864184221706364,-0.5697361229236823,-0.5092781340652247,-1.0497772784981199,1.367541631913687,-0.950957931590205,11284,0,1,-0.950957931590205,0.950957931590205,21
4/11/2022 13:52:49.542,0.0,0.0,-0.950957931590205,0.0,0.0,0.0,-0.052333427588514336,-0.7723613569972602,-0.039785655724199044,-1.0629152870612224,1.3538868250578961,-0.950957931590205,11284,0,1,-0.950957931590205,0.950957931590205,21
4/11/2022 13:52:49.552,0.0,0.0,-0.950957931590205,0.0,0.0,0.0,0.29864184221706364,-0.6422199464947183,-0.3751374259677888,-1.0629152870612224,1.343645719916053,-0.950957931590205,11284,0,1,-0.950957931590205,0.950957931590205,21
4/11/2022 13:52:49.561,0.0,0.0,-0.950957931590205,0.0,0.0,0.0,0.12315420731427465,-0.5483204477776943,-0.5763484881139427,-1.1198466575013344,1.3351114656311835,-0.950957931590205,11284,0,1,-0.950957931590205,0.950957931590205,21
4/11/2022 13:52:49.573,0.0,0.0,-0.950957931590205,0.0,0.0,0.0,0.29864184221706364,-0.5376126102047004,-0.6434188421626607,-1.0585359508735215,1.319749807918419,-0.950957931590205,11284,0,1,-0.950957931590205,0.950957931590205,21
4/11/2022 13:52:49.583,0.0,0.0,-0.950957931590205,0.0,0.0,0.0,0.29864184221706364,-0.49066286084618843,-0.7104891962113785,-1.045397942310419,1.3095087027765757,-0.950957931590205,11284,0,1,-0.950957931590205,0.950957931590205,21
4/11/2022 13:52:49.593,0.0,0.0,-0.950957931590205,0.0,0.0,0.0,0.12315420731427465,-0.6397489070547966,-0.3751374259677888,-1.036639269935017,1.2992675976347325,-0.950957931590205,11284,0,1,-0.950957931590205,0.950957931590205,21
4/11/2022 13:52:49.604,0.0,0.0,-0.950957931590205,0.0,0.0,0.0,0.29864184221706364,-0.5301994918849353,-0.6434188421626607,-1.0629152870612224,1.2856127907789416,-0.950957931590205,11284,0,1,-0.950957931590205,0.950957931590205,21
4/11/2022 13:52:49.614,0.0,0.0,-0.950957931590205,0.0,0.0,0.0,0.12315420731427465,-0.5021943782324896,-0.7104891962113785,-1.1417433384398388,1.2753716856370985,-0.950957931590205,11284,0,1,-0.950957931590205,0.950957931590205,21
4/11/2022 13:52:49.624,0.0,0.0,-0.950957931590205,0.0,0.0,0.0,0.12315420731427465,-0.6496330648144834,-0.3751374259677888,-1.0585359508735215,1.2634237296382813,-0.950957931590205,11284,0,1,-0.950957931590205,0.950957931590205,21
4/11/2022 13:52:49.635,0.0,0.0,-0.950957931590205,0.0,0.0,0.0,0.29864184221706364,-0.5458494083377726,-0.5763484881139427,-1.041018606122718,1.2531826244964381,-0.950957931590205,11284,0,1,-0.950957931590205,0.950957931590205,21
4/11/2022 13:52:49.644,0.0,0.0,-0.950957931590205,0.0,0.0,0.0,0.29864184221706364,-0.8522582988880611,0.16142540642195483,-1.0016045804334097,1.241234668497621,-0.950957931590205,11284,0,1,-0.950957931590205,0.950957931590205,21
4/11/2022 13:52:49.654,0.0,0.0,-0.950957931590205,0.0,0.0,0.0,-0.22782106249130332,-0.9527472361115429,0.36263646856810866,-1.0541566146858208,1.2309935633557778,-0.950957931590205,11284,0,1,-0.950957931590205,0.950957931590205,21
4/11/2022 13:52:49.666,0.0,0.0,-0.950957931590205,0.0,0.0,0.0,-0.052333427588514336,-0.7591824799843445,-0.106856009772917,-1.0541566146858208,1.2207524582139346,-0.950957931590205,11284,0,1,-0.950957931590205,0.950957931590205,21
4/11/2022 13:52:49.677,0.0,0.0,-0.950957931590205,0.0,0.0,0.0,-0.052333427588514336,-0.4873681415929595,-0.7104891962113785,-1.1680193555660443,1.2070976513581437,-0.950957931590205,11284,0,1,-0.950957931590205,0.950957931590205,21
4/11/2022 13:52:49.686,0.0,0.0,-0.950957931590205,0.0,0.0,0.0,0.12315420731427465,-0.5853860393765196,-0.5092781340652247,-1.0541566146858208,1.1985633970732745,-0.950957931590205,11284,0,1,-0.950957931590205,0.950957931590205,21
4/11/2022 13:52:49.697,0.0,0.0,-0.950957931590205,0.0,0.0,0.0,0.29864184221706364,-0.6471620253745616,-0.3751374259677888,-1.0235012613719143,1.1849085902174836,-0.950957931590205,11284,0,1,-0.950957931590205,0.950957931590205,21
4/11/2022 13:52:49.707,0.0,0.0,-0.950957931590205,0.0,0.0,0.0,0.29864184221706364,-0.5895044384430557,-0.5092781340652247,-1.0103632528088116,1.1729606342186665,-0.950957931590205,11284,0,1,-0.950957931590205,0.950957931590205,21
4/11/2022 13:52:49.718,0.0,0.0,-0.950957931590205,0.0,0.0,0.0,0.29864184221706364,-0.6059780347092003,-0.44220778001650674,-1.0147425889965125,1.1627195290768233,-0.950957931590205,11284,0,1,-0.950957931590205,0.950957931590205,21
4/11/2022 13:52:49.73,0.0,0.0,-0.950957931590205,0.0,0.0,0.0,-0.052333427588514336,-0.8011901504630131,0.027284698324518908,-1.0278805975596152,1.1490647222210324,-0.950957931590205,11284,0,1,-0.950957931590205,0.950957931590205,21
4/11/2022 13:52:49.739,0.0,0.0,-0.950957931590205,0.0,0.0,0.0,0.12315420731427465,-0.7007012132395314,-0.2409967178703529,-1.0497772784981199,1.1388236170791892,-0.950957931590205,11284,0,1,-0.950957931590205,0.950957931590205,21
4/11/2022 13:52:49.751,0.0,0.0,-0.950957931590205,0.0,0.0,0.0,0.12315420731427465,-0.6941117747330736,-0.2409967178703529,-1.0016045804334097,1.1268756610803723,-0.950957931590205,11284,0,1,-0.950957931590205,0.950957931590205,21
4/11/2022 13:52:49.759,0.0,0.0,-0.950957931590205,0.0,0.0,0.0,-0.052333427588514336,-0.7509456818512723,-0.106856009772917,-1.0541566146858208,1.1200482576524768,-0.950957931590205,11284,0,1,-0.950957931590205,0.950957931590205,21
4/11/2022 13:52:49.77,0.0,0.0,-0.950957931590205,0.0,0.0,0.0,0.29864184221706364,-0.5540862064708449,-0.5763484881139427,-1.036639269935017,1.104686599939712,-0.950957931590205,11284,0,1,-0.950957931590205,0.950957931590205,21
4/11/2022 13:52:49.78,0.0,0.0,-0.950957931590205,0.0,0.0,0.0,0.29864184221706364,-0.5516151670309233,-0.5763484881139427,-1.0103632528088116,1.0944454947978688,-0.950957931590205,11284,0,1,-0.950957931590205,0.950957931590205,21
4/11/2022 13:52:49.79,0.0,0.0,-0.950957931590205,0.0,0.0,0.0,-0.22782106249130332,-0.7781271156904108,-0.039785655724199044,-1.0979499765628298,1.0842043896560256,-0.950957931590205,11284,0,1,-0.950957931590205,0.950957931590205,21
4/11/2022 13:52:49.801,0.0,0.0,-0.950957931590205,0.0,0.0,0.0,-0.052333427588514336,-0.7838928743835614,-0.039785655724199044,-1.0278805975596152,1.0722564336572085,-0.950957931590205,11284,0,1,-0.950957931590205,0.950957931590205,21
4/11/2022 13:52:49.811,0.0,0.0,-0.950957931590205,0.0,0.0,0.0,-0.052333427588514336,-0.6529277840677122,-0.3751374259677888,-1.0585359508735215,1.0620153285153653,-0.950957931590205,11284,0,1,-0.950957931590205,0.950957931590205,21
4/11/2022 13:52:49.822,0.0,0.0,-0.950957931590205,0.0,0.0,0.0,0.12315420731427465,-0.5227863735651703,-0.6434188421626607,-1.0322599337473162,1.0500673725165484,-0.950957931590205,11284,0,1,-0.950957931590205,0.950957931590205,21
4/11/2022 13:52:49.833,0.0,0.0,-0.950957931590205,0.0,0.0,0.0,0.12315420731427465,-0.8020138302763203,0.027284698324518908,-1.0103632528088116,1.0364125656607575,-0.950957931590205,11284,0,1,-0.950957931590205,0.950957931590205,21
4/11/2022 13:52:49.842,0.0,0.0,-0.950957931590205,0.0,0.0,0.0,0.12315420731427465,-0.5425546890845437,-0.5763484881139427,-1.0935706403751289,1.027878311375888,-0.950957931590205,11284,0,1,-0.950957931590205,0.950957931590205,21
4/11/2022 13:52:49.853,0.0,0.0,-0.950957931590205,0.0,0.0,0.0,-0.052333427588514336,-0.6899933756665374,-0.2409967178703529,-1.036639269935017,1.0142235045200971,-0.950957931590205,11284,0,1,-0.950957931590205,0.950957931590205,21
4/11/2022 13:52:49.863,0.0,0.0,-0.950957931590205,0.0,0.0,0.0,0.29864184221706364,-0.6323357887350315,-0.3751374259677888,-0.9840872356826061,1.003982399378254,-0.950957931590205,11284,0,1,-0.950957931590205,0.950957931590205,21
4/11/2022 13:52:49.873,0.0,0.0,-0.950957931590205,0.0,0.0,0.0,-0.052333427588514336,-0.6768144986536219,-0.30806707191907085,-1.0541566146858208,0.9937412942364108,-0.950957931590205,11284,0,1,-0.950957931590205,0.950957931590205,21
4/11/2022 13:52:49.884,0.0,0.0,-0.950957931590205,0.0,0.0,0.0,0.12315420731427465,-0.5960938769495135,-0.5092781340652247,-1.045397942310419,0.9817933382375937,-0.950957931590205,11284,0,1,-0.950957931590205,0.950957931590205,21
4/11/2022 13:52:49.893,0.0,0.0,-0.950957931590205,0.0,0.0,0.0,0.12315420731427465,-0.5054890974857185,-0.7104891962113785,-1.0497772784981199,0.9715522330957506,-0.950957931590205,11284,0,1,-0.950957931590205,0.950957931590205,21
4/11/2022 13:52:49.904,0.0,0.0,-0.950957931590205,0.0,0.0,0.0,-0.052333427588514336,-0.5820913201232907,-0.5092781340652247,-1.089191304187428,0.9613111279539074,-0.950957931590205,11284,0,1,-0.950957931590205,0.950957931590205,21
4/11/2022 13:52:49.916,0.0,0.0,-0.950957931590205,0.0,0.0,0.0,0.12315420731427465,-0.4626577471937427,-0.7775595502600965,-1.0760532956243252,0.9476563210981165,-0.950957931590205,11284,0,1,-0.950957931590205,0.950957931590205,21
4/11/2022 13:52:49.925,0.0,0.0,-0.950957931590205,0.0,0.0,0.0,0.12315420731427465,-0.7072906517459893,-0.2409967178703529,-0.992845908058008,0.9391220668132472,-0.950957931590205,11284,0,1,-0.950957931590205,0.950957931590205,21
4/11/2022 13:52:49.936,0.0,0.0,-0.950957931590205,0.0,0.0,0.0,-0.052333427588514336,-0.5804439604966762,-0.5092781340652247,-1.0760532956243252,0.9254672599574563,-0.950957931590205,11284,0,1,-0.950957931590205,0.950957931590205,21
4/11/2022 13:52:49.946,0.0,0.0,-0.950957931590205,0.0,0.0,0.0,0.12315420731427465,-0.5137258956187908,-0.6434188421626607,-1.0322599337473162,0.9152261548156131,-0.950957931590205,11284,0,1,-0.950957931590205,0.950957931590205,21
4/11/2022 13:52:49.956,0.0,0.0,-0.950957931590205,0.0,0.0,0.0,-0.22782106249130332,-0.732001046145206,-0.17392636382163496,-1.0672946232489233,0.9049850496737698,-0.950957931590205,11284,0,1,-0.950957931590205,0.950957931590205,21
4/11/2022 13:52:49.967,0.0,0.0,-0.950957931590205,0.0,0.0,0.0,-0.052333427588514336,-0.8069559091561638,0.027284698324518908,-1.0103632528088116,0.8930370936749528,-0.950957931590205,11284,0,1,-0.950957931590205,0.950957931590205,21
4/11/2022 13:52:49.977,0.0,0.0,-0.950957931590205,0.0,0.0,0.0,0.12315420731427465,-0.7509456818512723,-0.106856009772917,-1.0103632528088116,0.8827959885331096,-0.950957931590205,11284,0,1,-0.950957931590205,0.950957931590205,21
4/11/2022 13:52:49.987,0.0,0.0,-0.950957931590205,0.0,0.0,0.0,-0.052333427588514336,-0.7764797560637964,-0.039785655724199044,-1.0103632528088116,0.8708480325342925,-0.950957931590205,11284,0,1,-0.950957931590205,0.950957931590205,21
4/11/2022 13:52:49.997,0.0,0.0,-0.950957931590205,0.0,0.0,0.0,0.12315420731427465,-0.597741236576128,-0.44220778001650674,-1.0235012613719143,0.8606069273924494,-0.950957931590205,11284,0,1,-0.950957931590205,0.950957931590205,21
4/11/2022 13:52:50.008,0.0,0.0,-0.950957931590205,0.0,0.0,0.0,0.12315420731427465,-0.6949354545463808,-0.2409967178703529,-0.9753285633072043,0.8503658222506062,-0.950957931590205,11284,0,1,-0.950957931590205,0.950957931590205,21
4/11/2022 13:52:50.018,0.0,0.0,-0.950957931590205,0.0,0.0,0.0,0.12315420731427465,-0.587033399003134,-0.5092781340652247,-1.041018606122718,0.8384178662517892,-0.950957931590205,11284,0,1,-0.950957931590205,0.950957931590205,21
4/11/2022 13:52:50.029,0.0,0.0,-0.950957931590205,0.0,0.0,0.0,0.29864184221706364,-0.6331594685483387,-0.3751374259677888,-0.9709492271195034,0.8264699102529721,-0.950957931590205,11284,0,1,-0.950957931590205,0.950957931590205,21
4/11/2022 13:52:50.039,0.0,0.0,-0.950957931590205,0.0,0.0,0.0,0.12315420731427465,-0.5277284524450137,-0.6434188421626607,-1.0497772784981199,0.8145219542541551,-0.950957931590205,11284,0,1,-0.950957931590205,0.950957931590205,21
4/11/2022 13:52:50.05,0.0,0.0,-0.950957931590205,0.0,0.0,0.0,0.29864184221706364,-0.45524462887397765,-0.8446299043088145,-0.992845908058008,0.8042808491123119,-0.950957931590205,11284,0,1,-0.950957931590205,0.950957931590205,21
4/11/2022 13:52:50.059,0.0,0.0,-0.950957931590205,0.0,0.0,0.0,-0.052333427588514336,-0.6463383455612544,-0.3751374259677888,-1.0541566146858208,0.7923328931134949,-0.950957931590205,11284,0,1,-0.950957931590205,0.950957931590205,21
4/11/2022 13:52:50.07,0.0,0.0,-0.950957931590205,0.0,0.0,0.0,0.12315420731427465,-0.6817565775334652,-0.2409967178703529,-0.9884665718703071,0.7820917879716517,-0.950957931590205,11284,0,1,-0.950957931590205,0.950957931590205,21
4/11/2022 13:52:50.08,0.0,0.0,-0.950957931590205,0.0,0.0,0.0,-0.052333427588514336,-0.6586935427608628,-0.30806707191907085,-1.084811967999727,0.7718506828298084,-0.950957931590205,11284,0,1,-0.950957931590205,0.950957931590205,21
4/11/2022 13:52:50.091,0.0,0.0,-0.950957931590205,0.0,0.0,0.0,-0.052333427588514336,-0.670225060147164,-0.30806707191907085,-1.0497772784981199,0.7599027268309914,-0.950957931590205,11284,0,1,-0.950957931590205,0.950957931590205,21
4/11/2022 13:52:50.101,0.0,0.0,-0.950957931590205,0.0,0.0,0.0,-0.052333427588514336,-0.7015248930528386,-0.2409967178703529,-1.0278805975596152,0.7496616216891482,-0.950957931590205,11284,0,1,-0.950957931590205,0.950957931590205,21
4/11/2022 13:52:50.111,0.0,0.0,-0.950957931590205,0.0,0.0,0.0,-0.052333427588514336,-0.6315121089217243,-0.3751374259677888,-1.036639269935017,0.7377136656903311,-0.950957931590205,11284,0,1,-0.950957931590205,0.950957931590205,21
4/11/2022 13:52:50.121,0.0,0.0,-0.950957931590205,0.0,0.0,0.0,0.12315420731427465,-0.5779729210567546,-0.5092781340652247,-1.0278805975596152,0.727472560548488,-0.950957931590205,11284,0,1,-0.950957931590205,0.950957931590205,21
4/11/2022 13:52:50.132,0.0,0.0,-0.950957931590205,0.0,0.0,0.0,0.12315420731427465,-0.5054890974857185,-0.7104891962113785,-1.0497772784981199,0.7155246045496709,-0.950957931590205,11284,0,1,-0.950957931590205,0.950957931590205,21
4/11/2022 13:52:50.143,0.0,0.0,-0.950957931590205,0.0,0.0,0.0,-0.052333427588514336,-0.5829149999365979,-0.5092781340652247,-1.0322599337473162,0.7035766485508539,-0.950957931590205,11284,0,1,-0.950957931590205,0.950957931590205,21
4/11/2022 13:52:50.153,0.0,0.0,-0.950957931590205,0.0,0.0,0.0,-0.052333427588514336,-0.5960938769495135,-0.5092781340652247,-1.0235012613719143,0.6916286925520369,-0.950957931590205,11284,0,1,-0.950957931590205,0.950957931590205,21
4/11/2022 13:52:50.163,0.0,0.0,-0.950957931590205,0.0,0.0,0.0,0.29864184221706364,-0.4519499096207487,-0.8446299043088145,-1.0235012613719143,0.6813875874101937,-0.950957931590205,11284,0,1,-0.950957931590205,0.950957931590205,21
4/11/2022 13:52:50.173,0.0,0.0,-0.950957931590205,0.0,0.0,0.0,-0.052333427588514336,-0.6479857051878688,-0.3751374259677888,-1.084811967999727,0.6694396314113766,-0.950957931590205,11284,0,1,-0.950957931590205,0.950957931590205,21
4/11/2022 13:52:50.183,0.0,0.0,-0.950957931590205,0.0,0.0,0.0,-0.052333427588514336,-0.5878570788164412,-0.5092781340652247,-1.0716739594366242,0.6591985262695335,-0.950957931590205,11284,0,1,-0.950957931590205,0.950957931590205,21
4/11/2022 13:52:50.194,0.0,0.0,-0.950957931590205,0.0,0.0,0.0,0.12315420731427465,-0.5985649163894352,-0.44220778001650674,-1.036639269935017,0.6489574211276903,-0.950957931590205,11284,0,1,-0.950957931590205,0.950957931590205,21
4/11/2022 13:52:50.205,0.0,0.0,-0.950957931590205,0.0,0.0,0.0,-0.052333427588514336,-0.6364541878015677,-0.3751374259677888,-1.041018606122718,0.6387163159858471,-0.950957931590205,11284,0,1,-0.950957931590205,0.950957931590205,21
4/11/2022 13:52:50.215,0.0,0.0,-0.950957931590205,0.0,0.0,0.0,0.12315420731427465,-0.6619882620140917,-0.30806707191907085,-1.0059839166211106,0.62676835998703,-0.950957931590205,11284,0,1,-0.950957931590205,0.950957931590205,21
4/11/2022 13:52:50.226,0.0,0.0,-0.950957931590205,0.0,0.0,0.0,-0.052333427588514336,-0.7880112734500975,-0.039785655724199044,-1.0147425889965125,0.6165272548451868,-0.950957931590205,11284,0,1,-0.950957931590205,0.950957931590205,21
4/11/2022 13:52:50.236,0.0,0.0,-0.950957931590205,0.0,0.0,0.0,-0.052333427588514336,-0.5013706984191824,-0.7104891962113785,-1.0935706403751289,0.6028724479893959,-0.950957931590205,11284,0,1,-0.950957931590205,0.950957931590205,21
4/11/2022 13:52:50.246,0.0,0.0,-0.950957931590205,0.0,0.0,0.0,-0.22782106249130332,-0.6661066610806279,-0.30806707191907085,-1.1154673213136335,0.5926313428475527,-0.950957931590205,11284,0,1,-0.950957931590205,0.950957931590205,21
4/11/2022 13:52:50.258,0.0,0.0,-0.950957931590205,0.0,0.0,0.0,0.12315420731427465,-0.7344720855851278,-0.17392636382163496,-0.992845908058008,0.5806833868487357,-0.950957931590205,11284,0,1,-0.950957931590205,0.950957931590205,21
4/11/2022 13:52:50.267,0.0,0.0,-0.950957931590205,0.0,0.0,0.0,-0.052333427588514336,-0.7171748095056759,-0.17392636382163496,-1.0322599337473162,0.5704422817068925,-0.950957931590205,11284,0,1,-0.950957931590205,0.950957931590205,21
4/11/2022 13:52:50.278,0.0,0.0,-0.950957931590205,0.0,0.0,0.0,-0.052333427588514336,-0.8646134960876696,0.16142540642195483,-0.992845908058008,0.5602011765650493,-0.950957931590205,11284,0,1,-0.950957931590205,0.950957931590205,21
4/11/2022 13:52:50.292,0.0,0.0,-0.950957931590205,0.0,0.0,0.0,-0.22782106249130332,-0.7748323964371818,-0.039785655724199044,-1.0541566146858208,0.5465463697092584,-0.950957931590205,11284,0,1,-0.950957931590205,0.950957931590205,21
4/11/2022 13:52:50.303,0.0,0.0,-0.950957931590205,0.0,0.0,0.0,0.12315420731427465,-0.6043306750825858,-0.44220778001650674,-1.0235012613719143,0.5328915628534675,-0.950957931590205,11284,0,1,-0.950957931590205,0.950957931590205,21
4/11/2022 13:52:50.313,0.0,0.0,-0.950957931590205,0.0,0.0,0.0,0.12315420731427465,-0.6998775334262242,-0.2409967178703529,-0.992845908058008,0.5226504577116243,-0.950957931590205,11284,0,1,-0.950957931590205,0.950957931590205,21
4/11/2022 13:52:50.324,0.0,0.0,-0.950957931590205,0.0,0.0,0.0,0.12315420731427465,-0.4832497425264234,-0.7775595502600965,-1.041018606122718,0.5107025017128073,-0.950957931590205,11284,0,1,-0.950957931590205,0.950957931590205,21
4/11/2022 13:52:50.334,0.0,0.0,-0.950957931590205,0.0,0.0,0.0,0.12315420731427465,-0.579620280683369,-0.5092781340652247,-1.0497772784981199,0.500461396570964,-0.950957931590205,11284,0,1,-0.950957931590205,0.950957931590205,21
4/11/2022 13:52:50.345,0.0,0.0,-0.950957931590205,0.0,0.0,0.0,-0.052333427588514336,-0.7039959324927603,-0.2409967178703529,-1.0016045804334097,0.48680658971517315,-0.950957931590205,11284,0,1,-0.950957931590205,0.950957931590205,21
4/11/2022 13:52:50.354,0.0,0.0,-0.950957931590205,0.0,0.0,0.0,0.29864184221706364,-0.5927991576962847,-0.5092781340652247,-1.0016045804334097,0.47656548457333,-0.950957931590205,11284,0,1,-0.950957931590205,0.950957931590205,21
4/11/2022 13:52:50.364,0.0,0.0,-0.950957931590205,0.0,0.0,0.0,0.29864184221706364,-0.5466730881510798,-0.5763484881139427,-1.0322599337473162,0.46632437943148675,-0.950957931590205,11284,0,1,-0.950957931590205,0.950957931590205,21
4/11/2022 13:52:50.375,0.0,0.0,-0.950957931590205,0.0,0.0,0.0,0.12315420731427465,-0.5392599698313149,-0.6434188421626607,-1.0278805975596152,0.45608327428964357,-0.950957931590205,11284,0,1,-0.950957931590205,0.950957931590205,21
4/11/2022 13:52:50.386,0.0,0.0,-0.950957931590205,0.0,0.0,0.0,0.12315420731427465,-0.691640735293152,-0.2409967178703529,-0.992845908058008,0.4458421691478004,-0.950957931590205,11284,0,1,-0.950957931590205,0.950957931590205,21
4/11/2022 13:52:50.397,0.0,0.0,-0.950957931590205,0.0,0.0,0.0,-0.052333427588514336,-0.7690666377440313,-0.039785655724199044,-1.0059839166211106,0.4321873622920095,-0.950957931590205,11284,0,1,-0.950957931590205,0.950957931590205,21
4/11/2022 13:52:50.407,0.0,0.0,-0.950957931590205,0.0,0.0,0.0,-0.052333427588514336,-0.6726960995870856,-0.30806707191907085,-1.045397942310419,0.4219462571501663,-0.950957931590205,11284,0,1,-0.950957931590205,0.950957931590205,21
4/11/2022 13:52:50.417,0.0,0.0,-0.950957931590205,0.0,0.0,0.0,0.12315420731427465,-0.691640735293152,-0.2409967178703529,-0.992845908058008,0.4099983011513493,-0.950957931590205,11284,0,1,-0.950957931590205,0.950957931590205,21
4/11/2022 13:52:50.427,0.0,0.0,-0.950957931590205,0.0,0.0,0.0,0.29864184221706364,-0.507136457112333,-0.7104891962113785,-1.0016045804334097,0.39975719600950604,-0.950957931590205,11284,0,1,-0.950957931590205,0.950957931590205,21
4/11/2022 13:52:50.437,0.0,0.0,-0.950957931590205,0.0,0.0,0.0,0.29864184221706364,-0.5672650834837606,-0.5763484881139427,-0.9709492271195034,0.38951609086766287,-0.950957931590205,11284,0,1,-0.950957931590205,0.950957931590205,21
4/11/2022 13:52:50.449,0.0,0.0,-0.950957931590205,0.0,0.0,0.0,-0.052333427588514336,-0.6076253943358148,-0.44220778001650674,-1.041018606122718,0.37756813486884583,-0.950957931590205,11284,0,1,-0.950957931590205,0.950957931590205,21
4/11/2022 13:52:50.458,0.0,0.0,-0.950957931590205,0.0,0.0,0.0,0.29864184221706364,-0.5862097191898268,-0.5092781340652247,-1.0235012613719143,0.36732702972700265,-0.950957931590205,11284,0,1,-0.950957931590205,0.950957931590205,21
4/11/2022 13:52:50.469,0.0,0.0,-0.950957931590205,0.0,0.0,0.0,0.12315420731427465,-0.6471620253745616,-0.3751374259677888,-1.0278805975596152,0.3570859245851595,-0.950957931590205,11284,0,1,-0.950957931590205,0.950957931590205,21
4/11/2022 13:52:50.479,0.0,0.0,-0.950957931590205,0.0,0.0,0.0,-0.22782106249130332,-0.6661066610806279,-0.30806707191907085,-1.084811967999727,0.34513796858634244,-0.950957931590205,11284,0,1,-0.950957931590205,0.950957931590205,21
4/11/2022 13:52:50.49,0.0,0.0,-0.950957931590205,0.0,0.0,0.0,0.12315420731427465,-0.43218159410137524,-0.8446299043088145,-1.0716739594366242,0.33319001258752534,-0.950957931590205,11284,0,1,-0.950957931590205,0.950957931590205,21
4/11/2022 13:52:50.5,0.0,0.0,-0.950957931590205,0.0,0.0,0.0,-0.052333427588514336,-0.7814218349436397,-0.039785655724199044,-1.0278805975596152,0.32294890744568217,-0.950957931590205,11284,0,1,-0.950957931590205,0.950957931590205,21
4/11/2022 13:52:50.51,0.0,0.0,-0.950957931590205,0.0,0.0,0.0,0.12315420731427465,-0.5310231716982425,-0.6434188421626607,-1.080432631812026,0.3110009514468651,-0.950957931590205,11284,0,1,-0.950957931590205,0.950957931590205,21
4/11/2022 13:52:50.521,0.0,0.0,-0.950957931590205,0.0,0.0,0.0,0.12315420731427465,-0.6776381784669291,-0.30806707191907085,-1.0322599337473162,0.30075984630502195,-0.950957931590205,11284,0,1,-0.950957931590205,0.950957931590205,21
4/11/2022 13:52:50.53,0.0,0.0,-0.950957931590205,0.0,0.0,0.0,-0.22782106249130332,-0.8110743082226999,0.027284698324518908,-1.036639269935017,0.2888118903062049,-0.950957931590205,11284,0,1,-0.950957931590205,0.950957931590205,21
4/11/2022 13:52:50.542,0.0,0.0,-0.950957931590205,0.0,0.0,0.0,-0.052333427588514336,-0.7212932085722121,-0.17392636382163496,-1.0191219251842134,0.27857078516436173,-0.950957931590205,11284,0,1,-0.950957931590205,0.950957931590205,21
4/11/2022 13:52:50.552,0.0,0.0,-0.950957931590205,0.0,0.0,0.0,-0.052333427588514336,-0.7558877607311156,-0.106856009772917,-1.0235012613719143,0.26832968002251856,-0.950957931590205,11284,0,1,-0.950957931590205,0.950957931590205,21
4/11/2022 13:52:50.562,0.0,0.0,-0.950957931590205,0.0,0.0,0.0,0.12315420731427465,-0.7105853709992181,-0.17392636382163496,-0.9972252442457089,0.25638172402370146,-0.950957931590205,11284,0,1,-0.950957931590205,0.950957931590205,21
4/11/2022 13:52:50.571,0.0,0.0,-0.950957931590205,0.0,0.0,0.0,-0.052333427588514336,-0.6249226704152665,-0.44220778001650674,-1.0235012613719143,0.2461406188818583,-0.950957931590205,11284,0,1,-0.950957931590205,0.950957931590205,21
4/11/2022 13:52:50.583,0.0,0.0,-0.950957931590205,0.0,0.0,0.0,-0.4033086973940923,-0.7204695287589049,-0.17392636382163496,-1.1242259936890353,0.23419266288304125,-0.950957931590205,11284,0,1,-0.950957931590205,0.950957931590205,21
4/11/2022 13:52:50.593,0.0,0.0,-0.950957931590205,0.0,0.0,0.0,-0.052333427588514336,-0.8621424566477479,0.16142540642195483,-0.9840872356826061,0.2222447068842242,-0.950957931590205,11284,0,1,-0.950957931590205,0.950957931590205,21
4/11/2022 13:52:50.602,0.0,0.0,-0.950957931590205,0.0,0.0,0.0,-0.22782106249130332,-0.8011901504630131,0.027284698324518908,-1.045397942310419,0.212003601742381,-0.950957931590205,11284,0,1,-0.950957931590205,0.950957931590205,21
4/11/2022 13:52:50.614,0.0,0.0,-0.950957931590205,0.0,0.0,0.0,-0.052333427588514336,-0.8629661364610551,0.16142540642195483,-1.0059839166211106,0.20176249660053783,-0.950957931590205,11284,0,1,-0.950957931590205,0.950957931590205,21
4/11/2022 13:52:50.624,0.0,0.0,-0.950957931590205,0.0,0.0,0.0,-0.052333427588514336,-0.7229405681988266,-0.17392636382163496,-1.036639269935017,0.19152139145869465,-0.950957931590205,11284,0,1,-0.950957931590205,0.950957931590205,21
4/11/2022 13:52:50.634,0.0,0.0,-0.950957931590205,0.0,0.0,0.0,0.12315420731427465,-0.6348068281749533,-0.3751374259677888,-1.0059839166211106,0.17957343545987758,-0.950957931590205,11284,0,1,-0.950957931590205,0.950957931590205,21
4/11/2022 13:52:50.645,0.0,0.0,-0.950957931590205,0.0,0.0,0.0,0.29864184221706364,-0.7262352874520555,-0.17392636382163496,-0.9840872356826061,0.16762547946106054,-0.950957931590205,11284,0,1,-0.950957931590205,0.950957931590205,21
4/11/2022 13:52:50.656,0.0,0.0,-0.950957931590205,0.0,0.0,0.0,-0.22782106249130332,-0.8712029345941273,0.16142540642195483,-1.0278805975596152,0.1556775234622435,-0.950957931590205,11284,0,1,-0.950957931590205,0.950957931590205,21
4/11/2022 13:52:50.666,0.0,0.0,-0.950957931590205,0.0,0.0,0.0,-0.052333427588514336,-0.6941117747330736,-0.2409967178703529,-1.036639269935017,0.1454364183204003,-0.950957931590205,11284,0,1,-0.950957931590205,0.950957931590205,21
4/11/2022 13:52:50.676,0.0,0.0,-0.950957931590205,0.0,0.0,0.0,0.12315420731427465,-0.7913059927033265,-0.039785655724199044,-0.9797078994949052,0.13519531317855712,-0.950957931590205,11284,0,1,-0.950957931590205,0.950957931590205,21
4/11/2022 13:52:50.686,0.0,0.0,-0.950957931590205,0.0,0.0,0.0,0.12315420731427465,-0.5466730881510798,-0.5763484881139427,-1.0322599337473162,0.12324735717974007,-0.950957931590205,11284,0,1,-0.950957931590205,0.950957931590205,21
4/11/2022 13:52:50.698,0.0,0.0,-0.950957931590205,0.0,0.0,0.0,0.12315420731427465,-0.6438673061213327,-0.3751374259677888,-1.0059839166211106,0.1130062520378969,-0.950957931590205,11284,0,1,-0.950957931590205,0.950957931590205,21
4/11/2022 13:52:50.707,0.0,0.0,-0.950957931590205,0.0,0.0,0.0,0.12315420731427465,-0.5400836496446221,-0.6434188421626607,-1.036639269935017,0.10105829603907984,-0.950957931590205,11284,0,1,-0.950957931590205,0.950957931590205,21
4/11/2022 13:52:50.718,0.0,0.0,-0.950957931590205,0.0,0.0,0.0,-0.052333427588514336,-0.6191569117221158,-0.44220778001650674,-1.0541566146858208,0.09081719089723665,-0.950957931590205,11284,0,1,-0.950957931590205,0.950957931590205,21
4/11/2022 13:52:50.728,0.0,0.0,-0.950957931590205,0.0,0.0,0.0,-0.22782106249130332,-0.6661066610806279,-0.30806707191907085,-1.1154673213136335,0.08057608575539348,-0.950957931590205,11284,0,1,-0.950957931590205,0.950957931590205,21
4/11/2022 13:52:50.739,0.0,0.0,-0.950957931590205,0.0,0.0,0.0,0.29864184221706364,-0.5244337331917848,-0.6434188421626607,-1.0191219251842134,0.06692127889960256,-0.950957931590205,11284,0,1,-0.950957931590205,0.950957931590205,21
4/11/2022 13:52:50.749,0.0,0.0,-0.950957931590205,0.0,0.0,0.0,-0.052333427588514336,-0.703172252679453,-0.2409967178703529,-1.0760532956243252,0.054973322900785514,-0.950957931590205,11284,0,1,-0.950957931590205,0.950957931590205,21
4/11/2022 13:52:50.759,0.0,0.0,-0.950957931590205,0.0,0.0,0.0,-0.052333427588514336,-0.5787966008700618,-0.5092781340652247,-1.0629152870612224,0.04473221775894232,-0.950957931590205,11284,0,1,-0.950957931590205,0.950957931590205,21
4/11/2022 13:52:50.771,0.0,0.0,-0.950957931590205,0.0,0.0,0.0,-0.052333427588514336,-0.6150385126555797,-0.44220778001650674,-1.0716739594366242,0.03449111261709914,-0.950957931590205,11284,0,1,-0.950957931590205,0.950957931590205,21
4/11/2022 13:52:50.78,0.0,0.0,-0.950957931590205,0.0,0.0,0.0,-0.052333427588514336,-0.7007012132395314,-0.2409967178703529,-1.0235012613719143,0.022543156618282094,-0.950957931590205,11284,0,1,-0.950957931590205,0.950957931590205,21
4/11/2022 13:52:50.791,0.0,0.0,-0.950957931590205,0.0,0.0,0.0,0.12315420731427465,-0.7105853709992181,-0.17392636382163496,-0.9972252442457089,0.012302051476438909,-0.950957931590205,11284,0,1,-0.950957931590205,0.950957931590205,21
4/11/2022 13:52:50.802,0.0,0.0,-0.950957931590205,0.0,0.0,0.0,0.12315420731427465,-0.5787966008700618,-0.5092781340652247,-1.036639269935017,-0.001352755379352005,-0.950957931590205,11284,0,1,-0.950957931590205,0.950957931590205,21
4/11/2022 13:52:50.811,0.0,0.0,-0.950957931590205,0.0,0.0,0.0,-0.052333427588514336,-0.6965828141729953,-0.2409967178703529,-1.0278805975596152,-0.009887009664221326,-0.950957931590205,11284,0,1,-0.950957931590205,0.950957931590205,21
4/11/2022 13:52:50.821,0.0,0.0,-0.950957931590205,0.0,0.0,0.0,0.12315420731427465,-0.691640735293152,-0.2409967178703529,-0.9797078994949052,-0.02012811480606451,-0.950957931590205,11284,0,1,-0.950957931590205,0.950957931590205,21
4/11/2022 13:52:50.831,0.0,0.0,-0.950957931590205,0.0,0.0,0.0,0.12315420731427465,-0.6109201135890436,-0.44220778001650674,-1.0191219251842134,-0.030369219947907696,-0.950957931590205,11284,0,1,-0.950957931590205,0.950957931590205,21
4/11/2022 13:52:50.842,0.0,0.0,-0.950957931590205,0.0,0.0,0.0,-0.22782106249130332,-0.8794397327271997,0.22849576047067277,-1.0497772784981199,-0.042317175946724746,-0.950957931590205,11284,0,1,-0.950957931590205,0.950957931590205,21
4/11/2022 13:52:50.851,0.0,0.0,-0.950957931590205,0.0,0.0,0.0,0.29864184221706364,-0.5862097191898268,-0.5092781340652247,-1.0191219251842134,-0.050851430231594066,-0.950957931590205,11284,0,1,-0.950957931590205,0.950957931590205,21
4/11/2022 13:52:50.863,0.0,0.0,-0.950957931590205,0.0,0.0,0.0,0.12315420731427465,-0.5474967679643871,-0.5763484881139427,-1.0235012613719143,-0.06450623708738498,-0.950957931590205,11284,0,1,-0.950957931590205,0.950957931590205,21
4/11/2022 13:52:50.873,0.0,0.0,-0.950957931590205,0.0,0.0,0.0,-0.052333427588514336,-0.7188221691322904,-0.17392636382163496,-1.0191219251842134,-0.07474734222922816,-0.950957931590205,11284,0,1,-0.950957931590205,0.950957931590205,21
4/11/2022 13:52:50.883,0.0,0.0,-0.950957931590205,0.0,0.0,0.0,0.29864184221706364,-0.5565572459107666,-0.5763484881139427,-0.992845908058008,-0.08669529822804521,-0.950957931590205,11284,0,1,-0.950957931590205,0.950957931590205,21
4/11/2022 13:52:50.894,0.0,0.0,-0.950957931590205,0.0,0.0,0.0,0.29864184221706364,-0.6043306750825858,-0.44220778001650674,-1.0278805975596152,-0.0969364033698884,-0.950957931590205,11284,0,1,-0.950957931590205,0.950957931590205,21
4/11/2022 13:52:50.905,0.0,0.0,-0.950957931590205,0.0,0.0,0.0,-0.22782106249130332,-0.8794397327271997,0.22849576047067277,-1.0278805975596152,-0.1105912102256793,-0.950957931590205,11284,0,1,-0.950957931590205,0.950957931590205,21
4/11/2022 13:52:50.915,0.0,0.0,-0.950957931590205,0.0,0.0,0.0,-0.052333427588514336,-0.7904823128900192,-0.039785655724199044,-1.0191219251842134,-0.1208323153675225,-0.950957931590205,11284,0,1,-0.950957931590205,0.950957931590205,21
4/11/2022 13:52:50.924,0.0,0.0,-0.950957931590205,0.0,0.0,0.0,0.12315420731427465,-0.6553988235076339,-0.30806707191907085,-1.0059839166211106,-0.13107342050936568,-0.950957931590205,11284,0,1,-0.950957931590205,0.950957931590205,21
4/11/2022 13:52:50.936,0.0,0.0,-0.950957931590205,0.0,0.0,0.0,-0.052333427588514336,-0.7987191110230915,0.027284698324518908,-1.0235012613719143,-0.14131452565120886,-0.950957931590205,11284,0,1,-0.950957931590205,0.950957931590205,21
4/11/2022 13:52:50.946,0.0,0.0,-0.950957931590205,0.0,0.0,0.0,0.12315420731427465,-0.6570461831342483,-0.30806707191907085,-0.9972252442457089,-0.15326248165002593,-0.950957931590205,11284,0,1,-0.950957931590205,0.950957931590205,21
4/11/2022 13:52:50.956,0.0,0.0,-0.950957931590205,0.0,0.0,0.0,0.12315420731427465,-0.5853860393765196,-0.5092781340652247,-1.0147425889965125,-0.1635035867918691,-0.950957931590205,11284,0,1,-0.950957931590205,0.950957931590205,21
4/11/2022 13:52:50.967,0.0,0.0,-0.950957931590205,0.0,0.0,0.0,0.12315420731427465,-0.6430436263080255,-0.3751374259677888,-1.0016045804334097,-0.17545154279068614,-0.950957931590205,11284,0,1,-0.950957931590205,0.950957931590205,21
4/11/2022 13:52:50.977,0.0,0.0,-0.950957931590205,0.0,0.0,0.0,0.29864184221706364,-0.6059780347092003,-0.44220778001650674,-0.9884665718703071,-0.18569264793252932,-0.950957931590205,11284,0,1,-0.950957931590205,0.950957931590205,21
4/11/2022 13:52:50.987,0.0,0.0,-0.950957931590205,0.0,0.0,0.0,0.29864184221706364,-0.6331594685483387,-0.3751374259677888,-0.992845908058008,-0.19934745478832025,-0.950957931590205,11284,0,1,-0.950957931590205,0.950957931590205,21
4/11/2022 13:52:50.998,0.0,0.0,-0.950957931590205,0.0,0.0,0.0,0.12315420731427465,-0.4898391810328812,-0.7104891962113785,-1.0760532956243252,-0.20958855993016343,-0.950957931590205,11284,0,1,-0.950957931590205,0.950957931590205,21
4/11/2022 13:52:51.007,0.0,0.0,-0.950957931590205,0.0,0.0,0.0,0.29864184221706364,-0.5186679744986341,-0.6434188421626607,-0.992845908058008,-0.2198296650720066,-0.950957931590205,11284,0,1,-0.950957931590205,0.950957931590205,21
4/11/2022 13:52:51.018,0.0,0.0,-0.950957931590205,0.0,0.0,0.0,-0.22782106249130332,-0.7303536865185916,-0.17392636382163496,-1.0585359508735215,-0.23177762107082367,-0.950957931590205,11284,0,1,-0.950957931590205,0.950957931590205,21
4/11/2022 13:52:51.029,0.0,0.0,-0.950957931590205,0.0,0.0,0.0,0.12315420731427465,-0.6611645822007844,-0.30806707191907085,-1.0059839166211106,-0.24201872621266685,-0.950957931590205,11284,0,1,-0.950957931590205,0.950957931590205,21
4/11/2022 13:52:51.039,0.0,0.0,-0.950957931590205,0.0,0.0,0.0,-0.052333427588514336,-0.6537514638810195,-0.30806707191907085,-1.0760532956243252,-0.25225983135451,-0.950957931590205,11284,0,1,-0.950957931590205,0.950957931590205,21
4/11/2022 13:52:51.05,0.0,0.0,-0.950957931590205,0.0,0.0,0.0,-0.052333427588514336,-0.6784618582802363,-0.30806707191907085,-1.0497772784981199,-0.2625009364963532,-0.950957931590205,11284,0,1,-0.950957931590205,0.950957931590205,21
4/11/2022 13:52:51.059,0.0,0.0,-0.950957931590205,0.0,0.0,0.0,-0.052333427588514336,-0.7484746424113506,-0.106856009772917,-1.0191219251842134,-0.2744488924951703,-0.950957931590205,11284,0,1,-0.950957931590205,0.950957931590205,21
4/11/2022 13:52:51.069,0.0,0.0,-0.950957931590205,0.0,0.0,0.0,-0.052333427588514336,-0.7756560762504892,-0.039785655724199044,-1.0103632528088116,-0.28468999763701347,-0.950957931590205,11284,0,1,-0.950957931590205,0.950957931590205,21
4/11/2022 13:52:51.08,0.0,0.0,-0.950957931590205,0.0,0.0,0.0,0.29864184221706364,-0.6553988235076339,-0.30806707191907085,-1.0191219251842134,-0.29834480449280437,-0.950957931590205,11284,0,1,-0.950957931590205,0.950957931590205,21
4/11/2022 13:52:51.09,0.0,0.0,-0.950957931590205,0.0,0.0,0.0,0.12315420731427465,-0.5334942111381642,-0.6434188421626607,-1.0497772784981199,-0.30858590963464755,-0.950957931590205,11284,0,1,-0.950957931590205,0.950957931590205,21
4/11/2022 13:52:51.1,0.0,0.0,-0.950957931590205,0.0,0.0,0.0,-0.052333427588514336,-0.6109201135890436,-0.44220778001650674,-1.0979499765628298,-0.3188270147764907,-0.950957931590205,11284,0,1,-0.950957931590205,0.950957931590205,21
4/11/2022 13:52:51.112,0.0,0.0,-0.950957931590205,0.0,0.0,0.0,-0.4033086973940923,-0.7295300067052843,-0.17392636382163496,-1.1461226746275397,-0.3290681199183339,-0.950957931590205,11284,0,1,-0.950957931590205,0.950957931590205,21
4/11/2022 13:52:51.121,0.0,0.0,-0.950957931590205,0.0,0.0,0.0,0.12315420731427465,-0.7114090508125254,-0.17392636382163496,-0.9840872356826061,-0.33930922506017713,-0.950957931590205,11284,0,1,-0.950957931590205,0.950957931590205,21
4/11/2022 13:52:51.131,0.0,0.0,-0.950957931590205,0.0,0.0,0.0,-0.052333427588514336,-0.7212932085722121,-0.17392636382163496,-1.045397942310419,-0.3512571810589942,-0.950957931590205,11284,0,1,-0.950957931590205,0.950957931590205,21
4/11/2022 13:52:51.143,0.0,0.0,-0.950957931590205,0.0,0.0,0.0,-0.22782106249130332,-0.6784618582802363,-0.30806707191907085,-1.1023293127505307,-0.3649119879147851,-0.950957931590205,11284,0,1,-0.950957931590205,0.950957931590205,21
4/11/2022 13:52:51.153,0.0,0.0,-0.950957931590205,0.0,0.0,0.0,0.12315420731427465,-0.6232753107886521,-0.44220778001650674,-1.045397942310419,-0.37515309305662825,-0.950957931590205,11284,0,1,-0.950957931590205,0.950957931590205,21
4/11/2022 13:52:51.163,0.0,0.0,-0.950957931590205,0.0,0.0,0.0,0.12315420731427465,-0.5318468515115498,-0.6434188421626607,-1.0235012613719143,-0.3853941981984714,-0.950957931590205,11284,0,1,-0.950957931590205,0.950957931590205,21
4/11/2022 13:52:51.173,0.0,0.0,-0.950957931590205,0.0,0.0,0.0,0.29864184221706364,-0.7237642480121338,-0.17392636382163496,-0.9621905547441015,-0.3956353033403146,-0.950957931590205,11284,0,1,-0.950957931590205,0.950957931590205,21
4/11/2022 13:52:51.183,0.0,0.0,-0.950957931590205,0.0,0.0,0.0,-0.22782106249130332,-0.9412157187252417,0.36263646856810866,-1.0322599337473162,-0.4075832593391317,-0.950957931590205,11284,0,1,-0.950957931590205,0.950957931590205,21
4/11/2022 13:52:51.194,0.0,0.0,-0.950957931590205,0.0,0.0,0.0,-0.052333427588514336,-0.8036611899029348,0.027284698324518908,-1.0278805975596152,-0.4178243644809749,-0.950957931590205,11284,0,1,-0.950957931590205,0.950957931590205,21
4/11/2022 13:52:51.204,0.0,0.0,-0.950957931590205,0.0,0.0,0.0,-0.052333427588514336,-0.7558877607311156,-0.106856009772917,-1.0059839166211106,-0.42806546962281805,-0.950957931590205,11284,0,1,-0.950957931590205,0.950957931590205,21
4/11/2022 13:52:51.214,0.0,0.0,-0.950957931590205,0.0,0.0,0.0,-0.052333427588514336,-0.7377668048383567,-0.17392636382163496,-1.0059839166211106,-0.4383065747646612,-0.950957931590205,11284,0,1,-0.950957931590205,0.950957931590205,21
4/11/2022 13:52:51.225,0.0,0.0,-0.950957931590205,0.0,0.0,0.0,0.12315420731427465,-0.5614993247906099,-0.5763484881139427,-1.0629152870612224,-0.45196138162045213,-0.950957931590205,11284,0,1,-0.950957931590205,0.950957931590205,21
4/11/2022 13:52:51.236,0.0,0.0,-0.950957931590205,0.0,0.0,0.0,-0.052333427588514336,-0.7962480715831698,0.027284698324518908,-1.045397942310419,-0.4622024867622953,-0.950957931590205,11284,0,1,-0.950957931590205,0.950957931590205,21
4/11/2022 13:52:51.246,0.0,0.0,-0.950957931590205,0.0,0.0,0.0,-0.22782106249130332,-0.7196458489455977,-0.17392636382163496,-1.0541566146858208,-0.4741504427611124,-0.950957931590205,11284,0,1,-0.950957931590205,0.950957931590205,21
4/11/2022 13:52:51.257,0.0,0.0,-0.950957931590205,0.0,0.0,0.0,0.12315420731427465,-0.6018596356426641,-0.44220778001650674,-0.992845908058008,-0.4843915479029556,-0.950957931590205,11284,0,1,-0.950957931590205,0.950957931590205,21
4/11/2022 13:52:51.268,0.0,0.0,-0.950957931590205,0.0,0.0,0.0,0.12315420731427465,-0.7492983222246579,-0.106856009772917,-0.9840872356826061,-0.49463265304479875,-0.950957931590205,11284,0,1,-0.950957931590205,0.950957931590205,21
4/11/2022 13:52:51.276,0.0,0.0,-0.950957931590205,0.0,0.0,0.0,0.12315420731427465,-0.5194916543119413,-0.6434188421626607,-1.0716739594366242,-0.5065806090436158,-0.950957931590205,11284,0,1,-0.950957931590205,0.950957931590205,21
4/11/2022 13:52:51.287,0.0,0.0,-0.950957931590205,0.0,0.0,0.0,-0.22782106249130332,-0.6941117747330736,-0.2409967178703529,-1.1023293127505307,-0.5185285650424328,-0.950957931590205,11284,0,1,-0.950957931590205,0.950957931590205,21
4/11/2022 13:52:51.297,0.0,0.0,-0.950957931590205,0.0,0.0,0.0,0.29864184221706364,-0.5557335660974594,-0.5763484881139427,-1.0147425889965125,-0.528769670184276,-0.950957931590205,11284,0,1,-0.950957931590205,0.950957931590205,21
4/11/2022 13:52:51.308,0.0,0.0,-0.950957931590205,0.0,0.0,0.0,-0.052333427588514336,-0.6191569117221158,-0.44220778001650674,-1.045397942310419,-0.5390107753261192,-0.950957931590205,11284,0,1,-0.950957931590205,0.950957931590205,21
4/11/2022 13:52:51.318,0.0,0.0,-0.950957931590205,0.0,0.0,0.0,0.12315420731427465,-0.7731850368105674,-0.039785655724199044,-0.992845908058008,-0.5509587313249362,-0.950957931590205,11284,0,1,-0.950957931590205,0.950957931590205,21
4/11/2022 13:52:51.328,0.0,0.0,-0.950957931590205,0.0,0.0,0.0,-0.052333427588514336,-0.7723613569972602,-0.039785655724199044,-1.0497772784981199,-0.5611998364667794,-0.950957931590205,11284,0,1,-0.950957931590205,0.950957931590205,21
4/11/2022 13:52:51.339,0.0,0.0,-0.950957931590205,0.0,0.0,0.0,0.12315420731427465,-0.5466730881510798,-0.5763484881139427,-1.0497772784981199,-0.5748546433225704,-0.950957931590205,11284,0,1,-0.950957931590205,0.950957931590205,21
4/11/2022 13:52:51.349,0.0,0.0,-0.950957931590205,0.0,0.0,0.0,-0.052333427588514336,-0.49148654065949565,-0.7104891962113785,-1.1329846660644372,-0.5850957484644136,-0.950957931590205,11284,0,1,-0.950957931590205,0.950957931590205,21
4/11/2022 13:52:51.36,0.0,0.0,-0.950957931590205,0.0,0.0,0.0,0.12315420731427465,-0.7575351203577301,-0.106856009772917,-0.9753285633072043,-0.5953368536062568,-0.950957931590205,11284,0,1,-0.950957931590205,0.950957931590205,21
4/11/2022 13:52:51.37,0.0,0.0,-0.950957931590205,0.0,0.0,0.0,-0.22782106249130332,-0.9025027674998021,0.22849576047067277,-1.041018606122718,-0.6072848096050738,-0.950957931590205,11284,0,1,-0.950957931590205,0.950957931590205,21
4/11/2022 13:52:51.38,0.0,0.0,-0.950957931590205,0.0,0.0,0.0,0.12315420731427465,-0.7880112734500975,-0.039785655724199044,-0.9840872356826061,-0.617525914746917,-0.950957931590205,11284,0,1,-0.950957931590205,0.950957931590205,21
4/11/2022 13:52:51.39,0.0,0.0,-0.950957931590205,0.0,0.0,0.0,-0.052333427588514336,-0.7583588001710373,-0.106856009772917,-1.0147425889965125,-0.6277670198887602,-0.950957931590205,11284,0,1,-0.950957931590205,0.950957931590205,21
4/11/2022 13:52:51.401,0.0,0.0,-0.950957931590205,0.0,0.0,0.0,0.12315420731427465,-0.691640735293152,-0.2409967178703529,-0.9840872356826061,-0.6380081250306033,-0.950957931590205,11284,0,1,-0.950957931590205,0.950957931590205,21
4/11/2022 13:52:51.411,0.0,0.0,-0.950957931590205,0.0,0.0,0.0,0.29864184221706364,-0.558204605537381,-0.5763484881139427,-1.0016045804334097,-0.6499560810294204,-0.950957931590205,11284,0,1,-0.950957931590205,0.950957931590205,21
4/11/2022 13:52:51.422,0.0,0.0,-0.950957931590205,0.0,0.0,0.0,-0.4033086973940923,-0.8885002106735792,0.22849576047067277,-1.0716739594366242,-0.6636108878852113,-0.950957931590205,11284,0,1,-0.950957931590205,0.950957931590205,21
4/11/2022 13:52:51.432,0.0,0.0,-0.950957931590205,0.0,0.0,0.0,-0.052333427588514336,-0.778950795503718,-0.039785655724199044,-1.0322599337473162,-0.6738519930270545,-0.950957931590205,11284,0,1,-0.950957931590205,0.950957931590205,21
4/11/2022 13:52:51.442,0.0,0.0,-0.950957931590205,0.0,0.0,0.0,0.12315420731427465,-0.7023485728661458,-0.2409967178703529,-0.992845908058008,-0.6840930981688976,-0.950957931590205,11284,0,1,-0.950957931590205,0.950957931590205,21
4/11/2022 13:52:51.453,0.0,0.0,-0.950957931590205,0.0,0.0,0.0,0.12315420731427465,-0.5656177238571461,-0.5763484881139427,-1.0322599337473162,-0.6960410541677147,-0.950957931590205,11284,0,1,-0.950957931590205,0.950957931590205,21
4/11/2022 13:52:51.463,0.0,0.0,-0.950957931590205,0.0,0.0,0.0,0.29864184221706364,-0.5664414036704534,-0.5763484881139427,-0.992845908058008,-0.7062821593095578,-0.950957931590205,11284,0,1,-0.950957931590205,0.950957931590205,21
4/11/2022 13:52:51.475,0.0,0.0,-0.950957931590205,0.0,0.0,0.0,0.12315420731427465,-0.6356305079882605,-0.3751374259677888,-1.0497772784981199,-0.718230115308375,-0.950957931590205,11284,0,1,-0.950957931590205,0.950957931590205,21
4/11/2022 13:52:51.484,0.0,0.0,-0.950957931590205,0.0,0.0,0.0,-0.052333427588514336,-0.587033399003134,-0.5092781340652247,-1.080432631812026,-0.7284712204502182,-0.950957931590205,11284,0,1,-0.950957931590205,0.950957931590205,21
4/11/2022 13:52:51.494,0.0,0.0,-0.950957931590205,0.0,0.0,0.0,-0.4033086973940923,-0.7805981551303325,-0.039785655724199044,-1.1329846660644372,-0.7387123255920613,-0.950957931590205,11284,0,1,-0.950957931590205,0.950957931590205,21
4/11/2022 13:52:51.504,0.0,0.0,-0.950957931590205,0.0,0.0,0.0,0.12315420731427465,-0.7822455147569469,-0.039785655724199044,-0.9840872356826061,-0.7506602815908784,-0.950957931590205,11284,0,1,-0.950957931590205,0.950957931590205,21
4/11/2022 13:52:51.515,0.0,0.0,-0.950957931590205,0.0,0.0,0.0,0.12315420731427465,-0.7229405681988266,-0.17392636382163496,-1.0235012613719143,-0.7609013867327216,-0.950957931590205,11284,0,1,-0.950957931590205,0.950957931590205,21
4/11/2022 13:52:51.526,0.0,0.0,-0.950957931590205,0.0,0.0,0.0,0.12315420731427465,-0.7764797560637964,-0.039785655724199044,-0.992845908058008,-0.7728493427315386,-0.950957931590205,11284,0,1,-0.950957931590205,0.950957931590205,21
4/11/2022 13:52:51.536,0.0,0.0,-0.950957931590205,0.0,0.0,0.0,-0.052333427588514336,-0.6043306750825858,-0.44220778001650674,-1.0716739594366242,-0.7847972987303556,-0.950957931590205,11284,0,1,-0.950957931590205,0.950957931590205,21
4/11/2022 13:52:51.546,0.0,0.0,-0.950957931590205,0.0,0.0,0.0,-0.22782106249130332,-0.8407267815017601,0.09435505237323687,-1.0278805975596152,-0.7967452547291727,-0.950957931590205,11284,0,1,-0.950957931590205,0.950957931590205,21
4/11/2022 13:52:51.557,0.0,0.0,-0.950957931590205,0.0,0.0,0.0,-0.052333427588514336,-0.8110743082226999,0.027284698324518908,-1.0103632528088116,-0.8069863598710159,-0.950957931590205,11284,0,1,-0.950957931590205,0.950957931590205,21
4/11/2022 13:52:51.569,0.0,0.0,-0.950957931590205,0.0,0.0,0.0,0.12315420731427465,-0.5837386797499051,-0.5092781340652247,-1.041018606122718,-0.8206411667268068,-0.950957931590205,11284,0,1,-0.950957931590205,0.950957931590205,21
4/11/2022 13:52:51.579,0.0,0.0,-0.950957931590205,0.0,0.0,0.0,0.12315420731427465,-0.5137258956187908,-0.6434188421626607,-1.0760532956243252,-0.8308822718686499,-0.950957931590205,11284,0,1,-0.950957931590205,0.950957931590205,21
4/11/2022 13:52:51.589,0.0,0.0,-0.950957931590205,0.0,0.0,0.0,-0.22782106249130332,-0.6529277840677122,-0.3751374259677888,-1.1198466575013344,-0.8411233770104931,-0.950957931590205,11284,0,1,-0.950957931590205,0.950957931590205,21
4/11/2022 13:52:51.599,0.0,0.0,-0.950957931590205,0.0,0.0,0.0,-0.052333427588514336,-0.9832233892039103,0.42970682261682663,-0.9709492271195034,-0.8530713330093103,-0.950957931590205,11284,0,1,-0.950957931590205,0.950957931590205,21
4/11/2022 13:52:51.609,0.0,0.0,-0.950957931590205,0.0,0.0,0.0,-0.052333427588514336,-0.8250768650489227,0.09435505237323687,-1.0103632528088116,-0.8633124381511534,-0.950957931590205,11284,0,1,-0.950957931590205,0.950957931590205,21
4/11/2022 13:52:51.621,0.0,0.0,-0.950957931590205,0.0,0.0,0.0,-0.052333427588514336,-0.8596714172078262,0.16142540642195483,-0.9884665718703071,-0.8735535432929966,-0.950957931590205,11284,0,1,-0.950957931590205,0.950957931590205,21
4/11/2022 13:52:51.631,0.0,0.0,-0.950957931590205,0.0,0.0,0.0,-0.052333427588514336,-0.7369431250250494,-0.17392636382163496,-1.0103632528088116,-0.8855014992918137,-0.950957931590205,11284,0,1,-0.950957931590205,0.950957931590205,21
4/11/2022 13:52:51.641,0.0,0.0,-0.950957931590205,0.0,0.0,0.0,0.12315420731427465,-0.7254116076387482,-0.17392636382163496,-0.9797078994949052,-0.8957426044336568,-0.950957931590205,11284,0,1,-0.950957931590205,0.950957931590205,21
4/11/2022 13:52:51.653,0.0,0.0,-0.950957931590205,0.0,0.0,0.0,0.29864184221706364,-0.670225060147164,-0.30806707191907085,-0.9578112185564007,-0.9076905604324739,-0.950957931590205,11284,0,1,-0.950957931590205,0.950957931590205,21
4/11/2022 13:52:51.661,0.0,0.0,-0.950957931590205,0.0,0.0,0.0,0.12315420731427465,-0.6562225033209411,-0.30806707191907085,-1.045397942310419,-0.917931665574317,-0.950957931590205,11284,0,1,-0.950957931590205,0.950957931590205,21
4/11/2022 13:52:51.673,0.0,0.0,-0.950957931590205,0.0,0.0,0.0,-0.052333427588514336,-0.8547293383279828,0.16142540642195483,-1.0191219251842134,-0.9298796215731341,-0.950957931590205,11284,0,1,-0.950957931590205,0.950957931590205,21
4/11/2022 13:52:51.682,0.0,0.0,-0.950957931590205,0.0,0.0,0.0,0.29864184221706364,-0.7344720855851278,-0.17392636382163496,-0.9665698909318025,-0.9401207267149773,-0.950957931590205,11284,0,1,-0.950957931590205,0.950957931590205,21
4/11/2022 13:52:51.693,0.0,0.0,-0.950957931590205,0.0,0.0,0.0,0.12315420731427465,-0.7147037700657543,-0.17392636382163496,-1.0016045804334097,-0.9520686827137943,-0.950957931590205,11284,0,1,-0.950957931590205,0.950957931590205,21
4/11/2022 13:52:51.703,0.0,0.0,-0.950957931590205,0.0,0.0,0.0,0.29864184221706364,-0.6735197794003929,-0.30806707191907085,-1.0016045804334097,-0.9623097878556375,-0.950957931590205,11284,0,1,-0.950957931590205,0.950957931590205,21
4/11/2022 13:52:51.714,0.0,0.0,-0.950957931590205,0.0,0.0,0.0,0.29864184221706364,-0.6553988235076339,-0.30806707191907085,-1.0103632528088116,-0.9725508929974807,-0.950957931590205,11284,0,1,-0.950957931590205,0.950957931590205,21
4/11/2022 13:52:51.724,0.0,0.0,-0.950957931590205,0.0,0.0,0.0,0.12315420731427465,-0.6133911530289653,-0.44220778001650674,-1.0235012613719143,-0.9844988489962978,-0.950957931590205,11284,0,1,-0.950957931590205,0.950957931590205,21
4/11/2022 13:52:51.734,0.0,0.0,-0.950957931590205,0.0,0.0,0.0,0.29864184221706364,-0.5952701971362063,-0.5092781340652247,-1.0147425889965125,-0.994739954138141,-0.950957931590205,11284,0,1,-0.950957931590205,0.950957931590205,21
4/11/2022 13:52:51.745,0.0,0.0,-0.950957931590205,0.0,0.0,0.0,0.12315420731427465,-0.6899933756665374,-0.2409967178703529,-1.0103632528088116,-1.0049810592799842,-0.950957931590205,11284,0,1,-0.950957931590205,0.950957931590205,21
4/11/2022 13:52:51.754,0.0,0.0,-0.950957931590205,0.0,0.0,0.0,0.12315420731427465,-0.7196458489455977,-0.17392636382163496,-1.0497772784981199,-1.0152221644218273,-0.950957931590205,11284,0,1,-0.950957931590205,0.950957931590205,21
4/11/2022 13:52:51.767,0.0,0.0,-0.950957931590205,0.0,0.0,0.0,-0.052333427588514336,-0.4066475198888512,-0.9117002583575324,-1.1505020108152406,-1.0288769712776182,-0.950957931590205,11284,0,1,-0.950957931590205,0.950957931590205,21
4/11/2022 13:52:51.776,0.0,0.0,-0.950957931590205,0.0,0.0,0.0,-0.052333427588514336,-0.7311773663318988,-0.17392636382163496,-1.0278805975596152,-1.0374112255624874,-0.950957931590205,11284,0,1,-0.950957931590205,0.950957931590205,21
4/11/2022 13:52:51.786,0.0,0.0,-0.950957931590205,0.0,0.0,0.0,0.29864184221706364,-0.5779729210567546,-0.5092781340652247,-1.0103632528088116,-1.0493591815613046,-0.950957931590205,11284,0,1,-0.950957931590205,0.950957931590205,21
4/11/2022 13:52:51.798,0.0,0.0,-0.950957931590205,0.0,0.0,0.0,0.12315420731427465,-0.8143690274759288,0.027284698324518908,-0.9753285633072043,-1.0613071375601217,-0.950957931590205,11284,0,1,-0.950957931590205,0.950957931590205,21
4/11/2022 13:52:51.808,0.0,0.0,-0.950957931590205,0.0,0.0,0.0,-0.052333427588514336,-0.7946007119565554,0.027284698324518908,-1.0541566146858208,-1.0732550935589387,-0.950957931590205,11284,0,1,-0.950957931590205,0.950957931590205,21
4/11/2022 13:52:51.818,0.0,0.0,-0.950957931590205,0.0,0.0,0.0,-0.052333427588514336,-0.7838928743835614,-0.039785655724199044,-1.0322599337473162,-1.0834961987007818,-0.950957931590205,11284,0,1,-0.950957931590205,0.950957931590205,21
4/11/2022 13:52:51.828,0.0,0.0,-0.950957931590205,0.0,0.0,0.0,-0.052333427588514336,-0.7838928743835614,-0.039785655724199044,-1.0059839166211106,-1.093737303842625,-0.950957931590205,11284,0,1,-0.950957931590205,0.950957931590205,21
4/11/2022 13:52:51.839,0.0,0.0,-0.950957931590205,0.0,0.0,0.0,0.29864184221706364,-0.6389252272414894,-0.3751374259677888,-0.9797078994949052,-1.107392110698416,-0.950957931590205,11284,0,1,-0.950957931590205,0.950957931590205,21
4/11/2022 13:52:51.849,0.0,0.0,-0.950957931590205,0.0,0.0,0.0,-0.22782106249130332,-0.9247421224590971,0.29556611451939074,-1.0585359508735215,-1.119340066697233,-0.950957931590205,11284,0,1,-0.950957931590205,0.950957931590205,21
4/11/2022 13:52:51.86,0.0,0.0,-0.950957931590205,0.0,0.0,0.0,-0.052333427588514336,-0.7946007119565554,0.027284698324518908,-0.9972252442457089,-1.1295811718390762,-0.950957931590205,11284,0,1,-0.950957931590205,0.950957931590205,21
4/11/2022 13:52:51.87,0.0,0.0,-0.950957931590205,0.0,0.0,0.0,-0.052333427588514336,-0.7015248930528386,-0.2409967178703529,-1.0278805975596152,-1.1398222769809194,-0.950957931590205,11284,0,1,-0.950957931590205,0.950957931590205,21
4/11/2022 13:52:51.881,0.0,0.0,-0.950957931590205,0.0,0.0,0.0,0.12315420731427465,-0.5565572459107666,-0.5763484881139427,-1.0191219251842134,-1.1517702329797364,-0.950957931590205,11284,0,1,-0.950957931590205,0.950957931590205,21
4/11/2022 13:52:51.891,0.0,0.0,-0.950957931590205,0.0,0.0,0.0,0.29864184221706364,-0.6076253943358148,-0.44220778001650674,-1.0103632528088116,-1.1620113381215795,-0.950957931590205,11284,0,1,-0.950957931590205,0.950957931590205,21
4/11/2022 13:52:51.9,0.0,0.0,-0.950957931590205,0.0,0.0,0.0,0.12315420731427465,-0.5623230046039172,-0.5763484881139427,-1.0716739594366242,-1.1739592941203967,-0.950957931590205,11284,0,1,-0.950957931590205,0.950957931590205,21
4/11/2022 13:52:51.911,0.0,0.0,-0.950957931590205,0.0,0.0,0.0,-0.22782106249130332,-0.876968693287278,0.16142540642195483,-1.0278805975596152,-1.1859072501192138,-0.950957931590205,11284,0,1,-0.950957931590205,0.950957931590205,21
4/11/2022 13:52:51.922,0.0,0.0,-0.950957931590205,0.0,0.0,0.0,0.12315420731427465,-0.836608382435224,0.09435505237323687,-0.9578112185564007,-1.196148355261057,-0.950957931590205,11284,0,1,-0.950957931590205,0.950957931590205,21
4/11/2022 13:52:51.932,0.0,0.0,-0.950957931590205,0.0,0.0,0.0,0.12315420731427465,-0.8440215007549888,0.09435505237323687,-0.9665698909318025,-1.2063894604029002,-0.950957931590205,11284,0,1,-0.950957931590205,0.950957931590205,21
4/11/2022 13:52:51.942,0.0,0.0,-0.950957931590205,0.0,0.0,0.0,0.12315420731427465,-0.9749865910708381,0.42970682261682663,-0.9578112185564007,-1.2166305655447434,-0.950957931590205,11284,0,1,-0.950957931590205,0.950957931590205,21
4/11/2022 13:52:51.952,0.0,0.0,-0.950957931590205,0.0,0.0,0.0,-0.052333427588514336,-1.2056169387968618,0.9662696550065702,-0.9227765290547933,-1.2268716706865865,-0.950957931590205,11284,0,1,-0.950957931590205,0.950957931590205,21
4/11/2022 13:52:51.964,0.0,0.0,-0.950957931590205,0.0,0.0,0.0,-0.052333427588514336,-1.1636092683181931,0.8991993009578523,-0.9534318823686998,-1.2371127758284297,-0.950957931590205,11284,0,1,-0.950957931590205,0.950957931590205,21
4/11/2022 13:52:51.973,0.0,0.0,-0.950957931590205,0.0,0.0,0.0,0.12315420731427465,-1.0120521826696633,0.49677717666554455,-0.9884665718703071,-1.245647030113299,-0.950957931590205,11284,0,1,-0.950957931590205,0.950957931590205,21
4/11/2022 13:52:51.984,0.0,0.0,-0.950957931590205,0.0,0.0,0.0,0.29864184221706364,-0.9272131618990188,0.29556611451939074,-0.940293873805597,-1.2593018369690898,-0.950957931590205,11284,0,1,-0.950957931590205,0.950957931590205,21
4/11/2022 13:52:51.994,0.0,0.0,-0.950957931590205,0.0,0.0,0.0,0.12315420731427465,-1.0499414540817957,0.6309178847629805,-0.9797078994949052,-1.2678360912539592,-0.950957931590205,11284,0,1,-0.950957931590205,0.950957931590205,21
4/11/2022 13:52:52.005,0.0,0.0,-0.950957931590205,0.0,0.0,0.0,0.29864184221706364,-0.9428630783518561,0.36263646856810866,-0.944673209993298,-1.2797840472527762,-0.950957931590205,11284,0,1,-0.950957931590205,0.950957931590205,21
4/11/2022 13:52:52.014,0.0,0.0,-0.950957931590205,0.0,0.0,0.0,0.12315420731427465,-1.0903017649338498,0.6979882388116985,-0.9534318823686998,-1.2883183015376456,-0.950957931590205,11284,0,1,-0.950957931590205,0.950957931590205,21
4/11/2022 13:52:52.027,0.0,0.0,-0.950957931590205,0.0,0.0,0.0,0.29864184221706364,-1.0466467348285668,0.5638475307142625,-0.940293873805597,-1.2985594066794888,-0.950957931590205,11284,0,1,-0.950957931590205,0.950957931590205,21
4/11/2022 13:52:52.036,0.0,0.0,-0.950957931590205,0.0,0.0,0.0,0.29864184221706364,-0.8250768650489227,0.09435505237323687,-0.9490525461809989,-1.3105073626783057,-0.950957931590205,11284,0,1,-0.950957931590205,0.950957931590205,21
4/11/2022 13:52:52.046,0.0,0.0,-0.950957931590205,0.0,0.0,0.0,0.12315420731427465,-1.050765133895103,0.6309178847629805,-0.9578112185564007,-1.320748467820149,-0.950957931590205,11284,0,1,-0.950957931590205,0.950957931590205,21
4/11/2022 13:52:52.057,0.0,0.0,-0.950957931590205,0.0,0.0,0.0,-0.052333427588514336,-1.0194653009894283,0.5638475307142625,-0.9315352014301952,-1.3309895729619923,-0.950957931590205,11284,0,1,-0.950957931590205,0.950957931590205,21
4/11/2022 13:52:52.067,0.0,0.0,-0.950957931590205,0.0,0.0,0.0,-0.22782106249130332,-1.1356041546657474,0.8321289469091343,-0.940293873805597,-1.3395238272468615,-0.950957931590205,11284,0,1,-0.950957931590205,0.950957931590205,21
4/11/2022 13:52:52.077,0.0,0.0,-0.950957931590205,0.0,0.0,0.0,-0.22782106249130332,-1.091125444747157,0.6979882388116985,-0.9183971928670925,-1.3497649323887047,-0.950957931590205,11284,0,1,-0.950957931590205,0.950957931590205,21
4/11/2022 13:52:52.087,0.0,0.0,-0.950957931590205,0.0,0.0,0.0,-0.22782106249130332,-1.02193634042935,0.5638475307142625,-0.8965005119285879,-1.3600060375305478,-0.950957931590205,11284,0,1,-0.950957931590205,0.950957931590205,21
4/11/2022 13:52:52.098,0.0,0.0,-0.950957931590205,0.0,0.0,0.0,-0.4033086973940923,-1.2295036533827712,1.0333400090552882,-0.8527071500515788,-1.370247142672391,-0.950957931590205,11284,0,1,-0.950957931590205,0.950957931590205,21
4/11/2022 13:52:52.11,0.0,0.0,-0.950957931590205,0.0,0.0,0.0,-0.4033086973940923,-1.1290147161592896,0.7650585928604163,-0.8614658224269807,-1.3787813969572604,-0.950957931590205,11284,0,1,-0.950957931590205,0.950957931590205,21
4/11/2022 13:52:52.119,0.0,0.0,-0.950957931590205,0.0,0.0,0.0,-0.052333427588514336,-0.9708681920043019,0.42970682261682663,-0.7738790986729625,-1.3873156512421296,-0.950957931590205,11284,0,1,-0.950957931590205,0.950957931590205,21
4/11/2022 13:52:52.13,0.0,0.0,-0.950957931590205,0.0,0.0,0.0,-0.7542839671996703,-1.4626050405487168,1.5699028414450318,-0.7782584348606634,-1.395849905526999,-0.950957931590205,11284,0,1,-0.950957931590205,0.950957931590205,21
4/11/2022 13:52:52.14,0.0,0.0,-0.950957931590205,0.0,0.0,0.0,-0.4033086973940923,-1.2270326139428496,1.0333400090552882,-0.7300857367959533,-1.4026773089548945,-0.950957931590205,11284,0,1,-0.950957931590205,0.950957931590205,21
4/11/2022 13:52:52.151,0.0,0.0,-0.950957931590205,0.0,0.0,0.0,-0.22782106249130332,-0.8637898162743624,0.16142540642195483,-0.7651204262975606,-1.4129184140967377,-0.950957931590205,11284,0,1,-0.950957931590205,0.950957931590205,21
4/11/2022 13:52:52.161,0.0,0.0,-0.950957931590205,0.0,0.0,0.0,-0.4033086973940923,-1.456839281855566,1.5699028414450318,-0.6906717111066452,-1.4197458175246331,-0.950957931590205,11284,0,1,-0.950957931590205,0.950957931590205,21
4/11/2022 13:52:52.17,0.0,0.0,-0.950957931590205,0.0,0.0,0.0,-0.7542839671996703,-1.781369128298614,2.3747470900296475,-0.646878349229636,-1.4282800718095023,-0.950957931590205,11284,0,1,-0.950957931590205,0.950957931590205,21
4/11/2022 13:52:52.181,0.0,0.0,-0.950957931590205,0.0,0.0,0.0,-0.9297716021024592,-1.6924117084614334,2.1064656738347756,-0.6643956939804397,-1.433400624380424,-0.950957931590205,11284,0,1,-0.950957931590205,0.950957931590205,21
4/11/2022 13:52:52.191,0.0,0.0,-0.950957931590205,0.0,0.0,0.0,-0.7542839671996703,-1.5597992585189695,1.8381842576399037,-0.6556370216050379,-1.4402280278083195,-0.950957931590205,11284,0,1,-0.950957931590205,0.950957931590205,21
4/11/2022 13:52:52.202,0.0,0.0,-0.950957931590205,0.0,0.0,0.0,-0.5787963322968813,-1.5680360566520417,1.8381842576399037,-0.6249816682911316,-1.447055431236215,-0.950957931590205,11284,0,1,-0.950957931590205,0.950957931590205,21
4/11/2022 13:52:52.212,0.0,0.0,-0.950957931590205,0.0,0.0,0.0,-0.052333427588514336,-1.1290147161592896,0.7650585928604163,-0.6424990130419352,-1.4555896855210844,-0.950957931590205,11284,0,1,-0.950957931590205,0.950957931590205,21
4/11/2022 13:52:52.223,0.0,0.0,-0.950957931590205,0.0,0.0,0.0,-1.6317221417136152,-2.4938521668093654,4.051505941247596,-0.6162229959157297,-1.4624170889489798,-0.950957931590205,11284,0,1,-0.950957931590205,0.950957931590205,21
4/11/2022 13:52:52.233,0.0,0.0,-0.950957931590205,0.0,0.0,0.0,-1.1052592370052483,-2.255808700763577,3.4478727548091346,-0.5855676426018234,-1.4675376415199013,-0.950957931590205,11284,0,1,-0.950957931590205,0.950957931590205,21
4/11/2022 13:52:52.243,0.0,0.0,-0.950957931590205,0.0,0.0,0.0,-0.22782106249130332,-1.56556501721212,1.8381842576399037,-0.5417742807248143,-1.4743650449477967,-0.950957931590205,11284,0,1,-0.950957931590205,0.950957931590205,21
4/11/2022 13:52:52.254,0.0,0.0,-0.950957931590205,0.0,0.0,0.0,-0.7542839671996703,-1.9073921397346196,2.643028506224519,-0.6162229959157297,-1.4811924483756922,-0.950957931590205,11284,0,1,-0.950957931590205,0.950957931590205,21
4/11/2022 13:52:52.264,0.0,0.0,-0.950957931590205,0.0,0.0,0.0,-0.4033086973940923,-1.734419378940102,2.2406063819322113,-0.5461536169125152,-1.486313000946614,-0.950957931590205,11284,0,1,-0.950957931590205,0.950957931590205,21
4/11/2022 13:52:52.274,0.0,0.0,-0.950957931590205,0.0,0.0,0.0,-1.8072097766164041,-2.904868393649672,-0.30806707191907085,-0.5855676426018234,-1.4931404043745093,-0.950957931590205,11284,0,1,-0.950957931590205,0.950957931590205,21
4/11/2022 13:52:52.284,0.0,0.0,-0.950957931590205,0.0,0.0,0.0,-0.7542839671996703,-2.0803649005291374,3.045450630516827,-0.5286362721617115,-1.4982609569454308,-0.950957931590205,11284,0,1,-0.950957931590205,0.950957931590205,21
4/11/2022 13:52:52.296,0.0,0.0,-0.950957931590205,0.0,0.0,0.0,-2.1581850464219823,-3.02430196657922,-0.30806707191907085,-0.4673255655338988,-1.5050883603733263,-0.950957931590205,11284,0,1,-0.950957931590205,0.950957931590205,21
4/11/2022 13:52:52.306,0.0,0.0,-0.950957931590205,0.0,0.0,0.0,-1.8072097766164041,-3.0844305929506475,-0.30806707191907085,-0.4541875569707961,-1.510208912944248,-0.950957931590205,11284,0,1,-0.950957931590205,0.950957931590205,21
4/11/2022 13:52:52.315,0.0,0.0,-0.950957931590205,0.0,0.0,0.0,-1.2807468719080373,-2.5943411040328472,4.3197873574424674,-0.43667021221999247,-1.5136226146581957,-0.950957931590205,11284,0,1,-0.950957931590205,0.950957931590205,21
4/11/2022 13:52:52.327,0.0,0.0,-0.950957931590205,0.0,0.0,0.0,-0.7542839671996703,-2.2475719026305048,3.4478727548091346,-0.4541875569707961,-1.5187431672291172,-0.950957931590205,11284,0,1,-0.950957931590205,0.950957931590205,21
4/11/2022 13:52:52.336,0.0,0.0,-0.950957931590205,0.0,0.0,0.0,-1.6317221417136152,-3.0687806764978105,-0.30806707191907085,-0.44104954840769334,-1.5238637198000389,-0.950957931590205,11284,0,1,-0.950957931590205,0.950957931590205,21
4/11/2022 13:52:52.346,0.0,0.0,-0.950957931590205,0.0,0.0,0.0,-1.8072097766164041,-0.501782538325836,-0.30806707191907085,-0.38849751415528244,-1.5272774215139866,-0.950957931590205,11284,0,1,-0.950957931590205,0.950957931590205,21
4/11/2022 13:52:52.358,0.0,0.0,-0.950957931590205,0.0,0.0,0.0,-2.684647951130349,-0.501782538325836,-0.30806707191907085,-0.40163552271838515,-1.532397974084908,-0.950957931590205,11284,0,1,-0.950957931590205,0.950957931590205,21
4/11/2022 13:52:52.368,0.0,0.0,-0.950957931590205,0.0,0.0,0.0,-1.2807468719080373,-2.273105976843029,3.514943108857852,-0.29215211802586244,-1.5358116757988558,-0.950957931590205,11284,0,1,-0.950957931590205,0.950957931590205,21
4/11/2022 13:52:52.379,0.0,0.0,-0.950957931590205,0.0,0.0,0.0,-3.035623220935927,-0.501782538325836,-0.30806707191907085,-0.23522074758575062,-1.5375185266558298,-0.950957931590205,11284,0,1,-0.950957931590205,0.950957931590205,21
4/11/2022 13:52:52.389,0.0,0.0,-0.950957931590205,0.0,0.0,0.0,0.12315420731427465,-0.501782538325836,-0.30806707191907085,-0.23522074758575062,-1.5375185266558298,-0.950957931590205,11284,0,1,-0.950957931590205,0.950957931590205,21
4/11/2022 13:52:52.399,0.0,0.0,-0.950957931590205,0.0,0.0,0.0,0.12315420731427465,-0.501782538325836,-0.30806707191907085,-0.23522074758575062,-1.5375185266558298,-0.950957931590205,11284,0,1,-0.950957931590205,0.950957931590205,21
4/11/2022 13:52:52.41,0.0,0.0,-0.950957931590205,0.0,0.0,0.0,0.12315420731427465,-0.501782538325836,-0.30806707191907085,-0.23522074758575062,-1.5375185266558298,-0.950957931590205,11284,0,1,-0.950957931590205,0.950957931590205,21
4/11/2022 13:52:52.419,0.0,0.0,-0.950957931590205,0.0,0.0,0.0,0.12315420731427465,-0.501782538325836,-0.30806707191907085,-0.23522074758575062,-1.5375185266558298,-0.950957931590205,11284,0,1,-0.950957931590205,0.950957931590205,21
4/11/2022 13:52:52.43,0.0,0.0,-0.950957931590205,0.0,0.0,0.0,0.12315420731427465,-0.501782538325836,-0.30806707191907085,-0.23522074758575062,-1.5375185266558298,-0.950957931590205,11284,0,1,-0.950957931590205,0.950957931590205,21
4/11/2022 13:52:52.43,0.0,0.0,-0.950957931590205,0.0,0.0,0.0,0.12315420731427465,-0.501782538325836,-0.30806707191907085,-0.23522074758575062,-1.5375185266558298,-0.950957931590205,11284,0,1,-0.950957931590205,0.950957931590205,21
4/11/2022 13:52:52.43,0.0,0.0,-0.950957931590205,0.0,0.0,0.0,0.12315420731427465,-0.501782538325836,-0.30806707191907085,-0.23522074758575062,-1.5375185266558298,-0.950957931590205,11284,0,1,-0.950957931590205,0.950957931590205,21
4/11/2022 13:52:52.43,0.0,0.0,-0.950957931590205,0.0,0.0,0.0,0.12315420731427465,-0.501782538325836,-0.30806707191907085,-0.23522074758575062,-1.5375185266558298,-0.950957931590205,11284,0,1,-0.950957931590205,0.950957931590205,21
4/11/2022 13:52:52.43,0.0,0.0,-0.950957931590205,0.0,0.0,0.0,0.12315420731427465,-0.501782538325836,-0.30806707191907085,-0.23522074758575062,-1.5375185266558298,-0.950957931590205,11284,0,1,-0.950957931590205,0.950957931590205,21
4/11/2022 13:52:52.43,0.0,0.0,-0.950957931590205,0.0,0.0,0.0,0.12315420731427465,-0.501782538325836,-0.30806707191907085,-0.23522074758575062,-1.5375185266558298,-0.950957931590205,11284,0,1,-0.950957931590205,0.950957931590205,21
4/11/2022 13:52:52.43,0.0,0.0,-0.950957931590205,0.0,0.0,0.0,0.12315420731427465,-0.501782538325836,-0.30806707191907085,-0.23522074758575062,-1.5375185266558298,-0.950957931590205,11284,0,1,-0.950957931590205,0.950957931590205,21
4/11/2022 13:52:52.43,0.0,0.0,-0.950957931590205,0.0,0.0,0.0,0.12315420731427465,-0.501782538325836,-0.30806707191907085,-0.23522074758575062,-1.5375185266558298,-0.950957931590205,11284,0,1,-0.950957931590205,0.950957931590205,21
4/11/2022 13:52:52.43,0.0,0.0,-0.950957931590205,0.0,0.0,0.0,0.12315420731427465,-0.501782538325836,-0.30806707191907085,-0.23522074758575062,-1.5375185266558298,-0.950957931590205,11284,0,1,-0.950957931590205,0.950957931590205,21
4/11/2022 13:52:52.43,0.0,0.0,-0.950957931590205,0.0,0.0,0.0,0.12315420731427465,-0.501782538325836,-0.30806707191907085,-0.23522074758575062,-1.5375185266558298,-0.950957931590205,11284,0,1,-0.950957931590205,0.950957931590205,21
